0
13154
75563
45866
53278
21896
4704
67889
67932
93472
38351
51943
83099
3457
5346
52972
67117
769
38343
6684
41750
68679
58899
93047
84619
52694
9196
65394
41601
70121
91035
76222
26246
4746
73611
32824
63266
75643
99107
36535
24704
98258
72268
75338
65154
7268
63165
88474
27272
43642
76652
47775
23778
27491
35927
16651
48653
89769
90924
6056
90468
50454
51631
31904
98668
49399
26615
9073
94780
7375
50072
38415
27709
91385
52976
46446
94101
5008
76154
77023
82784
12537
1586
68848
86828
62956
73625
72544
99949
88860
23320
30633
35102
51329
59113
84601
41209
84154
26932
41541
53732
46793
28722
17833
15372
57167
80243
3305
53447
49849
95539
74832
55460
89077
62487
84207
15977
21275
71473
13043
9099
27459
299
41430
2687
70984
93793
23992
18090
31755
88702
65208
15034
68137
38582
38774
49976
14753
58720
84560
59013
95544
55616
14815
98334
40878
14182
56492
25213
48853
46404
96113
12603
19976
31926
62929
12671
65127
62165
80310
24785
47645
38932
20325
2837
90170
42651
14202
94752
41032
13119
88568
9217
16220
7106
36535
25306
13511
78318
45532
34953
45231
80897
93171
65167
21525
67961
90895
25013
86089
47128
50597
60041
81759
75587
46226
95140
63276
43934
82472
68900
70223
98718
95445
85130
28932
53744
51445
10343
41404
57673
87659
44005
72977
86929
71567
80075
70656
74174
1909
88606
52500
46334
6519
71345
48896
66770
68207
19956
91666
86591
89005
54396
13920
45036
98940
21554
44604
31574
51467
88153
43974
46754
80668
36517
21152
99915
15361
63051
61637
59
87
77338
72736
31919
41773
68252
68058
20526
83645
70894
82874
9455
8174
76403
62959
21386
21355
8106
38883
95219
94758
38986
26922
69219
28404
77689
78389
42247
28216
19397
1131
19183
98327
24406
81975
13646
39815
60103
17688
82838
15773
98797
25717
23360
10164
21941
63474
69603
79480
69626
75296
66954
63345
5644
59823
22701
31879
69986
11744
76260
52614
55393
58801
32967
70301
14305
16169
48534
86025
81329
55685
73902
31601
13533
52856
31075
58814
51810
43086
25885
37024
39303
44688
47591
38784
27930
7826
36975
25393
67181
67626
51395
72863
72079
94478
46071
94019
32157
46045
51716
66138
40184
60566
98654
15039
67012
34383
54173
52282
82927
1495
27422
64300
54615
91788
26662
97012
24674
84400
69405
45576
81713
2208
16075
70697
70785
43665
58244
75173
99157
69570
27952
75389
17118
425
49571
7991
16308
90333
78302
74670
43644
634
58480
51849
6685
54404
38974
21583
38578
62688
65907
70934
53868
28029
81596
37192
68612
31018
934
10380
52098
77591
22069
5528
7063
16028
72379
29703
5060
47782
45717
52000
44650
15031
28595
83371
69566
57779
68119
33118
5747
98692
54241
165
85622
2935
37756
48967
57619
73898
67935
53628
3558
12251
97339
18828
35133
61414
60763
12593
55288
95406
35693
83813
97429
25902
25153
42435
81307
89794
24459
76064
69488
45186
26363
66552
11657
20957
11368
54699
607
17598
59938
43192
8250
68744
37532
83623
12364
97338
2963
8035
49426
76946
93406
25016
35967
76914
49997
74928
67192
68169
75679
3636
23058
22167
56262
65264
61663
37148
22480
23370
65303
16593
74413
15976
4764
66201
12494
94919
48419
62106
91406
1794
59356
72189
49660
5369
44164
51919
77197
6535
44280
97721
46775
32906
44594
74330
20534
17138
37253
93976
96488
25496
7033
12385
52635
16008
51772
10518
84160
36857
42390
32724
71357
57679
87191
75827
83663
69981
38907
93527
60562
36209
53952
45509
40170
24044
8308
42159
47239
28977
10497
21639
80204
52745
66884
86367
24375
71159
26367
38283
8100
45978
23287
79538
49136
322
26612
66471
42520
18683
96351
13404
79588
94608
17116
60602
6380
34750
29247
50967
82586
83437
72647
32944
80211
63178
4534
4142
15332
76709
6173
51932
92918
22052
20457
8899
69971
70648
49465
26178
71159
37838
20065
23261
43611
46951
86122
97727
44453
3424
52379
3164
75320
59161
82292
32959
23208
53654
43063
40359
98736
96694
85056
86754
31161
14839
99763
63954
46809
93195
69079
81543
54155
57282
15922
94528
82136
15541
4107
34362
11002
9654
51879
2240
56150
85690
51692
67455
73720
69848
2280
19199
67101
34588
6629
14071
92115
22166
38012
58603
16731
2634
69115
76237
71372
7732
58983
92553
92973
43046
50598
83128
91927
60166
72386
51935
49083
16142
97615
57438
27326
53144
69858
66707
9743
54875
61076
66799
49514
57160
58891
44133
15122
50229
73139
3165
5161
52208
32065
3506
24515
10718
38298
55185
59719
61113
93528
77206
51316
48670
65015
69702
40755
48686
47980
71047
53421
27665
60556
28011
70339
53051
93829
23541
41351
59749
78303
92028
68151
82120
52743
23027
14368
89955
25143
65153
481
93597
27536
85879
27893
95246
50683
12295
41649
70249
43650
10774
76620
9986
44128
34458
29707
75765
33852
33077
5560
57320
48530
20248
11447
97438
86464
49185
36740
80494
16221
15958
5772
14925
46811
38062
88373
42415
41226
65131
30833
6014
81444
89769
91952
90125
77007
17080
57246
3140
80329
52223
86165
27720
86952
58688
38918
81192
52569
93990
42005
57988
74917
88081
33809
18955
74315
71894
87919
7287
71014
87909
35939
8985
16103
41681
9643
67471
56263
81307
87822
76939
63523
89655
87844
48648
11307
37749
38263
68760
12174
7682
14330
47765
70861
23802
39098
97591
62879
68122
90872
36241
85924
79430
42889
7351
49864
48389
45075
49967
74078
93287
30013
14620
11002
8032
97251
40819
23841
96319
83350
19808
12948
19631
33913
57570
44028
58569
43289
36821
38233
60015
42948
14879
67022
99543
69809
40275
84931
81955
79341
37426
960
47979
63908
64652
64492
79906
37737
35768
38951
33431
69361
14490
29153
66688
85439
31471
14414
60227
558
92086
38196
51655
34446
26414
29101
83368
12439
63464
4869
45806
37683
15587
75588
66599
1153
79491
56093
28866
41557
32062
51461
71918
84207
23190
46502
37337
5004
7385
20245
56620
83155
42256
83958
29305
18120
35753
93414
58944
36905
46307
62785
94448
40580
5048
44486
59595
74834
86420
13102
10458
66533
83341
58130
65861
98207
1891
92150
19468
96776
52309
27880
71982
59048
83711
83472
65991
73047
64305
34954
53489
66417
32344
86922
44238
91800
27667
95179
11724
41602
83640
96257
33294
52620
53597
81813
92992
66291
24323
94146
59674
12603
24698
88676
19618
16296
83602
60242
62326
83871
67167
39157
87131
66737
11561
4
67609
62877
45456
57436
3227
35140
85511
37085
66145
57645
5996
74449
27950
44264
17642
9180
89727
99245
59418
3300
69095
48723
56936
89575
43451
68862
20316
48173
27245
94715
24430
95329
47697
12709
96147
85718
21741
700
78250
5039
96009
64139
57342
13709
12904
82465
50187
65591
50507
52647
11840
90309
66893
27759
38672
39150
83112
24301
12344
72833
64810
20122
84872
2255
10556
18798
36098
77968
71923
66639
58099
35118
15716
29210
16911
22370
67137
40478
88654
57938
34186
43725
69966
83431
79201
84910
28223
26467
16996
53355
7318
99877
75020
12222
16460
42512
77323
21357
43394
3307
92935
10604
26629
48206
79281
25753
21392
28247
38064
20813
92856
76409
61658
57587
35634
90788
19790
11411
79117
69818
1825
74799
11453
89499
65465
34590
38242
21505
33130
1778
91440
78550
39346
73001
83158
87783
12961
34343
94210
36220
35207
8065
57191
77642
84423
49331
81734
64275
43539
35232
34917
28155
91915
62617
74460
15754
77644
25196
61208
85463
31461
60846
12592
37367
13329
26187
12603
20282
75055
7095
45893
96328
23468
19752
68397
8132
85426
15256
12018
80915
94422
4552
6026
82975
14118
80119
22749
39923
59921
65523
5372
98640
81233
41359
3183
10805
97450
86715
67110
83440
23822
71696
58973
22254
22777
157
44783
40978
93304
2246
51351
37651
85954
79390
60949
33181
62402
65389
64441
25912
2600
98708
20775
64235
56034
37694
12069
44912
13772
58582
54262
48362
88663
8159
36260
10081
29922
84170
91303
82795
97033
81331
79790
83982
44873
64212
69395
81579
46822
19364
40157
93068
46722
37845
51761
22776
89930
98588
13699
45849
68916
27902
40929
73996
3125
30394
19265
81322
27487
71778
40864
78510
72232
57708
63296
79862
27
62781
34644
47187
49222
52964
31856
85795
13800
39915
38692
84646
5613
45689
76556
29250
96195
99913
74164
34979
79661
19900
60075
54284
25170
20162
57564
51377
74772
60804
98967
79848
55479
14667
10701
52380
24631
57164
33437
67873
6936
84467
87629
33208
14540
74410
66191
40279
58505
55547
49413
61452
92486
61395
25639
3966
62073
34350
2416
17140
61074
42386
56845
73040
37398
36565
37629
8660
58313
41818
11081
32527
68519
56400
87190
53188
97457
6024
47536
11013
99221
54953
69873
12724
47500
5934
44512
91801
43952
85854
99721
54932
12428
84635
19026
66437
65629
97323
45763
15935
13919
28334
97300
59797
85224
6288
92565
94943
46668
28224
46026
43084
86617
19863
38478
75922
81425
67276
72161
68339
31399
16848
68806
92097
16577
381
17631
17815
19806
66829
67447
51750
32341
46698
32083
9364
87047
44513
14778
65207
94201
88238
66095
20392
17035
1607
16542
10908
36120
56115
96387
24550
2386
3004
88620
88638
91325
54742
17258
48706
81445
93664
58308
54892
47177
75336
33232
17246
51298
38044
82819
96707
477
30140
45458
89048
84356
25036
73393
83958
42297
70850
40588
52632
52558
9153
40370
78216
26479
30787
18497
75665
62069
64537
32732
15423
18436
45521
53320
16243
92580
40907
3118
16729
56508
98546
14026
33358
30913
35434
16287
32216
37959
64140
60233
3768
33511
7821
54404
49114
28788
25272
43933
65863
32559
166
97273
10087
31838
95555
34928
16541
98552
11644
4188
96099
78531
22039
10146
25457
43752
24302
28260
54924
88233
85168
67049
55763
75786
90203
85341
75972
23395
99832
26129
37505
29951
74555
99187
76634
42862
64169
46381
10247
18188
86339
50337
93101
89807
29117
62916
97543
54407
83070
5481
18962
97533
76523
86991
3234
51845
37545
96970
19315
22858
59697
89653
54949
8477
77701
77111
70842
5193
88359
7163
99469
26992
49979
68734
74846
94468
68973
91180
17123
81536
28283
48189
91088
70321
39932
16844
90252
21007
54838
37279
26316
80673
23584
65893
33561
52215
45290
60689
66713
2176
81923
37733
54181
96973
74631
79331
75872
45324
40676
24423
70230
21382
66120
40706
27640
34316
30147
68842
95432
77821
90233
2165
97427
5375
40997
16355
79606
1157
60202
92150
10993
54503
7304
55653
38339
48144
39094
40868
55913
94111
69905
58965
1114
28277
38739
74582
56571
55433
26859
11716
16162
35431
80834
26574
19167
41446
64817
52968
7285
46996
37896
9886
49327
13281
21625
43830
35314
99384
89218
34995
43916
80166
98220
30123
57666
55194
14324
50656
49985
72966
8260
21707
17293
38523
37463
26437
16469
85653
24543
89340
79118
96423
25075
28409
54983
71892
51531
48650
35188
85850
41222
2040
91572
95955
56865
99792
40053
58768
80638
40824
4340
54545
13010
57472
96925
68136
20721
56388
83071
29288
30607
97802
98496
58372
33288
52159
8239
80777
68168
59478
20416
20041
16394
28079
19747
79308
87186
78923
9074
16001
24703
76146
51708
39180
86802
33270
59672
78024
98676
95439
82283
77706
68645
84198
62802
76842
39667
58528
42006
80163
47777
69079
81365
55094
29480
58700
47433
89867
42925
25992
46405
3
65809
9184
56232
67906
66764
74529
65249
98202
27970
78279
518
8681
5919
92680
21466
78138
25367
28660
73819
29586
47320
91000
92309
89182
25066
75243
68393
46812
47394
20876
50640
89780
83509
95874
97313
91847
14870
26290
39650
77148
77064
77574
45449
41868
63634
64712
74203
82952
27214
78025
18041
12000
78773
99189
7725
42494
84114
63356
94484
43036
94599
79858
37719
24680
82873
4160
22860
9400
86146
4349
95468
82426
86904
51199
75013
99833
41747
21161
40372
10890
36207
9688
20393
38710
82361
89924
96587
81709
41685
81747
72499
45854
41511
59272
60338
66754
98746
73912
420
62548
13018
89613
67785
32834
23684
45147
68077
25883
14599
70387
59880
69099
7371
87967
20297
21674
73262
78565
95825
71548
74050
19523
21545
2045
83919
76085
21863
42021
27071
67687
83587
5049
62283
63371
45775
10952
72526
1751
41285
53819
10226
64037
43578
2780
24248
32991
63186
37578
54466
76888
7894
76275
4826
18460
47034
83851
33846
36836
85383
78674
27857
81532
70335
89792
87041
41283
18198
55446
53095
35098
72531
97202
23533
14085
23775
80159
82233
40103
86792
60239
3866
75516
48773
97863
35526
72991
16504
87891
31033
67761
15037
28786
90674
2216
59173
94463
82936
56813
21135
3038
58213
64167
15506
6826
30753
57432
36862
21004
3497
75697
6522
27535
77062
37422
30288
35444
96729
62230
69785
34660
15443
51602
56548
69644
68901
80769
45885
73616
16180
32785
1246
44065
80552
93313
56351
56708
57567
98782
72848
11117
51084
44450
47479
54500
58520
14849
72565
52547
34520
58781
3295
90898
75760
50798
40915
46322
16253
69331
3467
69278
17173
25073
94706
74345
82012
28872
33265
65557
83506
42433
44140
43144
5904
38316
64431
51803
20889
73785
68887
51333
36703
50231
12372
41560
81326
2912
54057
11595
73291
63205
54970
51080
70684
51211
72097
97568
70532
94651
38221
63018
18436
48876
30415
68686
70026
84947
49027
80054
17924
44984
23402
2347
52770
87183
33894
45873
67463
18764
59676
35717
82096
42311
5187
84504
13869
92404
85609
82016
2225
97494
27559
73597
9917
82907
78220
1236
79741
60536
1722
54721
62684
2905
31199
57706
32063
65164
81431
73565
73708
68659
12975
75425
31619
321
10410
56942
88384
21180
61615
24097
87824
8867
37697
59369
80382
38977
64789
79785
6307
98097
59191
96162
33129
86379
25070
47274
15886
87078
71479
3975
7198
79018
18588
4130
23786
68267
19276
65144
34441
27342
31702
2272
98017
22834
66220
22122
92893
6174
78626
28850
65126
38462
18116
74068
25719
53354
2429
28218
48374
93488
96770
58709
88551
34569
86931
655
19185
31197
22577
51009
81797
22042
54373
19190
18306
64469
89368
49494
27948
13907
35178
18378
69325
8235
4315
36053
24403
29682
57070
38416
35110
86671
28929
91877
32075
74713
66247
79386
93396
51610
79504
80911
30753
57801
32291
10014
5918
69034
19501
43337
51589
32282
54324
98395
61238
696
98132
52704
64324
62739
19131
28520
17168
44357
92882
14413
39740
87247
19592
75613
80135
86882
82429
32818
57095
60317
8424
80577
10915
41726
74414
32360
65972
50382
50682
89854
17579
45305
26801
40892
45464
95439
95895
48226
17420
68506
51581
90659
59664
40042
74317
98048
34590
38033
96295
82909
9955
13275
10441
78552
79427
78014
38011
35106
13984
24336
9686
2434
12100
70388
71330
8881
57959
93111
58767
58965
99537
57645
6463
27253
37588
25676
23847
81046
98291
27466
13411
4466
64169
57880
65567
53529
35111
91964
87937
7754
17159
85196
48344
95660
9601
59769
12307
43365
12045
39664
13409
66120
42160
67362
25784
47342
56995
78049
18708
23295
15438
63366
60063
48559
9716
3102
34330
78499
91705
41317
93133
26592
24546
40709
80006
14194
58677
59280
81187
68048
51646
82329
65889
55136
38347
75478
19445
12778
55964
57232
70179
60758
26399
77013
11747
38331
5117
12323
4725
16480
79400
34565
28012
84189
22319
13004
50815
26253
29924
28454
11028
51070
14666
98021
82242
90648
68761
30852
22614
66434
16304
19871
69902
11073
8235
3749
12716
18577
23412
84723
85772
29080
36863
47870
20109
66526
68968
4354
76365
22771
1314
88289
23560
71462
18421
6306
87673
64011
5429
57019
93696
93333
88552
35970
32193
54010
17558
96535
16271
71996
98582
16098
64402
66063
93839
7263
77775
19126
44283
49648
13152
49780
34084
38225
36632
62873
72537
93558
77321
130
86607
50554
42045
39304
65526
53798
62395
38042
47321
93915
76981
76603
26375
77762
8792
66228
56614
90860
30274
5950
14164
47367
71966
956
75225
62322
6453
61135
69113
49350
99609
76772
58185
77262
2477
30675
46636
96186
41419
15477
21321
36681
83513
59389
18538
57959
81749
5357
46719
77139
39446
43414
32584
29678
91086
30170
51079
61543
15073
25079
94214
98400
50319
90111
49029
233
27572
99991
90364
2499
4718
5836
90228
15443
53503
93924
30615
29151
36653
9174
96049
44534
65953
44683
58370
94848
51697
50459
37192
68774
53851
41966
4437
80380
10043
95895
58029
68501
64172
10869
81624
6043
63425
52374
16793
37442
74386
65300
67005
11523
73975
59935
93156
21402
6114
57914
36289
96809
17581
81399
26465
90397
56413
4828
48077
99180
69950
11809
81341
48838
203
19832
7059
41722
0
10531
97251
42523
59619
91598
31482
3235
80366
61246
22761
40397
26671
46971
20232
37977
64582
98615
58681
24100
42916
69129
21362
26971
95351
2167
35364
47958
13356
68737
22064
27710
13682
56750
68252
71786
71977
78460
25950
39907
99719
15525
19665
11835
15612
83397
6124
27677
61914
58533
35188
95376
35864
49279
14644
26957
52090
57792
86302
30422
95362
1201
86010
22467
90729
25626
95031
24049
90186
11575
36757
51468
1674
41272
32751
28094
58304
82629
93012
93594
87241
10959
91652
51580
85456
13341
13623
63708
14385
70524
62773
87031
86659
26118
61096
2436
52789
95888
36717
93325
54996
96233
29612
72969
57760
45602
18714
17146
77134
55708
54850
33439
2591
48028
76357
97210
48504
83181
78441
13733
2923
36598
85814
36264
73017
64739
33245
34607
23979
13535
81203
34636
10168
90859
19465
52267
23214
51535
20410
18320
6607
50147
98120
50246
52744
35340
36464
32685
27665
61295
45179
99483
49623
87056
93291
82364
44578
3881
27035
70747
15023
95873
86637
61149
93654
81647
91863
94922
3500
38212
17221
27289
28449
28837
54373
23134
197
13988
3166
10904
61483
19689
15108
15836
61075
54933
38227
59492
45290
69002
72998
30590
14226
89817
10731
63059
96847
60043
13195
62881
12804
92720
89270
2984
60695
68468
3883
60079
23287
80696
16727
29911
6831
16020
48480
81288
68328
49273
14134
52913
90742
43473
23053
47072
24876
81077
21916
28951
65298
20868
22570
31720
9135
36843
790
87513
86182
19835
69125
49536
25767
51944
94720
10765
28129
56688
19909
11370
90191
85019
61054
689
82785
22473
1962
85365
89035
64241
64207
385
86593
23574
9420
24870
86130
44932
51864
59492
48575
75412
548
26050
16635
86988
55359
82581
97549
50651
69019
61933
68962
2631
27115
18156
42091
99398
23432
13765
42151
19201
10224
34108
43077
68030
46145
31075
63258
38965
75789
47431
42261
64330
56621
6976
43284
46557
60308
61592
47517
97226
23140
15164
51483
43108
97885
99096
42554
81705
66983
53558
19696
30344
78231
93840
19474
3029
14549
30219
73093
33276
48791
98818
76479
44489
2812
65961
65690
16726
10973
24846
77824
52756
44403
52784
15414
65181
59401
14338
83497
91260
60225
70742
19957
6357
48787
37995
70020
84411
40908
25204
90062
23605
17486
76619
92392
81413
55892
54886
48630
4120
53258
78247
59352
91555
15827
3735
71856
51072
40699
5854
