0
0
3
4
27
59
87
130
157
165
166
197
203
233
299
321
322
381
385
420
425
477
481
518
548
558
607
634
655
689
696
700
769
790
934
956
960
1114
1131
1153
1157
1201
1236
1246
1314
1495
1586
1607
1674
1722
1751
1778
1794
1825
1891
1909
1962
2040
2045
2165
2167
2176
2208
2216
2225
2240
2246
2255
2272
2280
2347
2386
2416
2429
2434
2436
2477
2499
2591
2600
2631
2634
2687
2780
2812
2837
2905
2912
2923
2935
2963
2984
3004
3029
3038
3102
3118
3125
3140
3164
3165
3166
3183
3227
3234
3235
3295
3300
3305
3307
3424
3457
3467
3497
3500
3506
3558
3636
3735
3749
3768
3866
3881
3883
3966
3975
4107
4120
4130
4142
4160
4188
4315
4340
4349
4354
4437
4466
4534
4552
4704
4718
4725
4746
4764
4826
4828
4869
5004
5008
5039
5048
5049
5060
5117
5161
5187
5193
5346
5357
5369
5372
5375
5429
5481
5528
5560
5613
5644
5747
5772
5836
5854
5904
5918
5919
5934
5950
5996
6014
6024
6026
6043
6056
6114
6124
6173
6174
6288
6306
6307
6357
6380
6453
6463
6519
6522
6535
6607
6629
6684
6685
6826
6831
6936
6976
7033
7059
7063
7095
7106
7163
7198
7263
7268
7285
7287
7304
7318
7351
7371
7375
7385
7682
7725
7732
7754
7821
7826
7894
7991
8032
8035
8065
8100
8106
8132
8159
8174
8235
8235
8239
8250
8260
8308
8424
8477
8660
8681
8792
8867
8881
8899
8985
9073
9074
9099
9135
9153
9174
9180
9184
9196
9217
9364
9400
9420
9455
9601
9643
9654
9686
9688
9716
9743
9886
9917
9955
9986
10014
10043
10081
10087
10146
10164
10168
10224
10226
10247
10343
10380
10410
10441
10458
10497
10518
10531
10556
10604
10701
10718
10731
10765
10774
10805
10869
10890
10904
10908
10915
10952
10959
10973
10993
11002
11002
11013
11028
11073
11081
11117
11307
11368
11370
11411
11447
11453
11523
11561
11575
11595
11644
11657
11716
11724
11744
11747
11809
11835
11840
12000
12018
12045
12069
12100
12174
12222
12251
12295
12307
12323
12344
12364
12372
12385
12428
12439
12494
12537
12592
12593
12603
12603
12603
12671
12709
12716
12724
12778
12804
12904
12948
12961
12975
13004
13010
13018
13043
13102
13119
13152
13154
13195
13275
13281
13329
13341
13356
13404
13409
13411
13511
13533
13535
13623
13646
13682
13699
13709
13733
13765
13772
13800
13869
13907
13919
13920
13984
13988
14026
14071
14085
14118
14134
14164
14182
14194
14202
14226
14305
14324
14330
14338
14368
14385
14413
14414
14490
14540
14549
14599
14620
14644
14666
14667
14753
14778
14815
14839
14849
14870
14879
14925
15023
15031
15034
15037
15039
15073
15108
15122
15164
15256
15332
15361
15372
15414
15423
15438
15443
15443
15477
15506
15525
15541
15587
15612
15716
15754
15773
15827
15836
15886
15922
15935
15958
15976
15977
16001
16008
16020
16028
16075
16098
16103
16142
16162
16169
16180
16220
16221
16243
16253
16271
16287
16296
16304
16308
16355
16394
16460
16469
16480
16504
16541
16542
16577
16593
16635
16651
16726
16727
16729
16731
16793
16844
16848
16911
16996
17035
17080
17116
17118
17123
17138
17140
17146
17159
17168
17173
17221
17246
17258
17293
17420
17486
17558
17579
17581
17598
17631
17642
17688
17815
17833
17924
18041
18090
18116
18120
18156
18188
18198
18306
18320
18378
18421
18436
18436
18460
18497
18538
18577
18588
18683
18708
18714
18764
18798
18828
18955
18962
19026
19126
19131
19167
19183
19185
19190
19199
19201
19265
19276
19315
19364
19397
19445
19465
19468
19474
19501
19523
19592
19618
19631
19665
19689
19696
19747
19752
19790
19806
19808
19832
19835
19863
19871
19900
19909
19956
19957
19976
20041
20065
20109
20122
20162
20232
20245
20248
20282
20297
20316
20325
20392
20393
20410
20416
20457
20526
20534
20721
20775
20813
20868
20876
20889
20957
21004
21007
21135
21152
21161
21180
21275
21321
21355
21357
21362
21382
21386
21392
21402
21466
21505
21525
21545
21554
21583
21625
21639
21674
21707
21741
21863
21896
21916
21941
22039
22042
22052
22064
22069
22122
22166
22167
22254
22319
22370
22467
22473
22480
22570
22577
22614
22701
22749
22761
22771
22776
22777
22834
22858
22860
23027
23053
23058
23134
23140
23190
23208
23214
23261
23287
23287
23295
23320
23360
23370
23395
23402
23412
23432
23468
23533
23541
23560
23574
23584
23605
23684
23775
23778
23786
23802
23822
23841
23847
23979
23992
24044
24049
24097
24100
24248
24301
24302
24323
24336
24375
24403
24406
24423
24430
24459
24515
24543
24546
24550
24631
24674
24680
24698
24703
24704
24785
24846
24870
24876
25013
25016
25036
25066
25070
25073
25075
25079
25143
25153
25170
25196
25204
25213
25272
25306
25367
25393
25457
25496
25626
25639
25676
25717
25719
25753
25767
25784
25883
25885
25902
25912
25950
25992
26050
26118
26129
26178
26187
26246
26253
26290
26316
26363
26367
26375
26399
26414
26437
26465
26467
26479
26574
26592
26612
26615
26629
26662
26671
26801
26859
26922
26932
26957
26971
26992
27035
27071
27115
27214
27245
27253
27272
27289
27326
27342
27422
27459
27466
27487
27491
27535
27536
27559
27572
27640
27665
27665
27667
27677
27709
27710
27720
27759
27857
27880
27893
27902
27930
27948
27950
27952
27970
28011
28012
28029
28079
28094
28129
28155
28216
28218
28223
28224
28247
28260
28277
28283
28334
28404
28409
28449
28454
28520
28595
28660
28722
28786
28788
28837
28850
28866
28872
28929
28932
28951
28977
29080
29101
29117
29151
29153
29210
29247
29250
29288
29305
29480
29586
29612
29678
29682
29703
29707
29911
29922
29924
29951
30013
30123
30140
30147
30170
30219
30274
30288
30344
30394
30415
30422
30590
30607
30615
30633
30675
30753
30753
30787
30833
30852
30913
31018
31033
31075
31075
31161
31197
31199
31399
31461
31471
31482
31574
31601
31619
31702
31720
31755
31838
31856
31879
31904
31919
31926
32062
32063
32065
32075
32083
32157
32193
32216
32282
32291
32341
32344
32360
32527
32559
32584
32685
32724
32732
32751
32785
32818
32824
32834
32906
32944
32959
32967
32991
33077
33118
33129
33130
33181
33208
33232
33245
33265
33270
33276
33288
33294
33358
33431
33437
33439
33511
33561
33809
33846
33852
33894
33913
34084
34108
34186
34316
34330
34343
34350
34362
34383
34441
34446
34458
34520
34565
34569
34588
34590
34590
34607
34636
34644
34660
34750
34917
34928
34953
34954
34979
34995
35098
35102
35106
35110
35111
35118
35133
35140
35178
35188
35188
35207
35232
35314
35340
35364
35431
35434
35444
35526
35634
35693
35717
35753
35768
35864
35927
35939
35967
35970
36053
36098
36120
36207
36209
36220
36241
36260
36264
36289
36464
36517
36535
36535
36565
36598
36632
36653
36681
36703
36717
36740
36757
36821
36836
36843
36857
36862
36863
36905
36975
37024
37085
37148
37192
37192
37253
37279
37337
37367
37398
37422
37426
37442
37463
37505
37532
37545
37578
37588
37629
37651
37683
37694
37697
37719
37733
37737
37749
37756
37838
37845
37896
37959
37977
37995
38011
38012
38033
38042
38044
38062
38064
38196
38212
38221
38225
38227
38233
38242
38263
38283
38298
38316
38331
38339
38343
38347
38351
38415
38416
38462
38478
38523
38578
38582
38672
38692
38710
38739
38774
38784
38883
38907
38918
38932
38951
38965
38974
38977
38986
39094
39098
39150
39157
39180
39303
39304
39346
39446
39650
39664
39667
39740
39815
39907
39915
39923
39932
40042
40053
40103
40157
40170
40184
40275
40279
40359
40370
40372
40397
40478
40580
40588
40676
40699
40706
40709
40755
40819
40824
40864
40868
40878
40892
40907
40908
40915
40929
40978
40997
41032
41209
41222
41226
41272
41283
41285
41317
41351
41359
41404
41419
41430
41446
41511
41541
41557
41560
41601
41602
41649
41681
41685
41722
41726
41747
41750
41773
41818
41868
41966
42005
42006
42021
42045
42091
42151
42159
42160
42247
42256
42261
42297
42311
42386
42390
42415
42433
42435
42494
42512
42520
42523
42554
42651
42862
42889
42916
42925
42948
43036
43046
43063
43077
43084
43086
43108
43144
43192
43284
43289
43337
43365
43394
43414
43451
43473
43539
43578
43611
43642
43644
43650
43665
43725
43752
43830
43916
43933
43934
43952
43974
44005
44028
44065
44128
44133
44140
44164
44238
44264
44280
44283
44357
44403
44450
44453
44486
44489
44512
44513
44534
44578
44594
44604
44650
44683
44688
44783
44873
44912
44932
44984
45036
45075
45147
45179
45186
45231
45290
45290
45305
45324
45449
45456
45458
45464
45509
45521
45532
45576
45602
45689
45717
45763
45775
45806
45849
45854
45866
45873
45885
45893
45978
46026
46045
46071
46145
46226
46307
46322
46334
46381
46404
46405
46446
46502
46557
46636
46668
46698
46719
46722
46754
46775
46793
46809
46811
46812
46822
46951
46971
46996
47034
47072
47128
47177
47187
47239
47274
47320
47321
47342
47367
47394
47431
47433
47479
47500
47517
47536
47591
47645
47697
47765
47775
47777
47782
47870
47958
47979
47980
48028
48077
48144
48173
48189
48206
48226
48344
48362
48374
48389
48419
48480
48504
48530
48534
48559
48575
48630
48648
48650
48653
48670
48686
48706
48723
48773
48787
48791
48838
48853
48876
48896
48967
49027
49029
49083
49114
49136
49185
49222
49273
49279
49327
49331
49350
49399
49413
49426
49465
49494
49514
49536
49571
49623
49648
49660
49780
49849
49864
49967
49976
49979
49985
49997
50072
50147
50187
50229
50231
50246
50319
50337
50382
50454
50459
50507
50554
50597
50598
50640
50651
50656
50682
50683
50798
50815
50967
51009
51070
51072
51079
51080
51084
51199
51211
51298
51316
51329
51333
51351
51377
51395
51445
51461
51467
51468
51483
51531
51535
51580
51581
51589
51602
51610
51631
51646
51655
51692
51697
51708
51716
51750
51761
51772
51803
51810
51845
51849
51864
51879
51919
51932
51935
51943
51944
52000
52090
52098
52159
52208
52215
52223
52267
52282
52309
52374
52379
52380
52500
52547
52558
52569
52614
52620
52632
52635
52647
52694
52704
52743
52744
52745
52756
52770
52784
52789
52856
52913
52964
52968
52972
52976
53051
53095
53144
53188
53258
53278
53320
53354
53355
53421
53447
53489
53503
53529
53558
53597
53628
53654
53732
53744
53798
53819
53851
53868
53952
54010
54057
54155
54173
54181
54241
54262
54284
54324
54373
54373
54396
54404
54404
54407
54466
54500
54503
54545
54615
54699
54721
54742
54838
54850
54875
54886
54892
54924
54932
54933
54949
54953
54970
54983
54996
55094
55136
55185
55194
55288
55359
55393
55433
55446
55460
55479
55547
55616
55653
55685
55708
55763
55892
55913
55964
56034
56093
56115
56150
56232
56262
56263
56351
56388
56400
56413
56492
56508
56548
56571
56614
56620
56621
56688
56708
56750
56813
56845
56865
56936
56942
56995
57019
57070
57095
57160
57164
57167
57191
57232
57246
57282
57320
57342
57432
57436
57438
57472
57564
57567
57570
57587
57619
57645
57645
57666
57673
57679
57706
57708
57760
57779
57792
57801
57880
57914
57938
57959
57959
57988
58029
58099
58130
58185
58213
58244
58304
58308
58313
58370
58372
58480
58505
58520
58528
58533
58569
58582
58603
58677
58681
58688
58700
58709
58720
58767
58768
58781
58801
58814
58891
58899
58944
58965
58965
58973
58983
59013
59048
59113
59161
59173
59191
59272
59280
59352
59356
59369
59389
59401
59418
59478
59492
59492
59595
59619
59664
59672
59674
59676
59697
59719
59749
59769
59797
59823
59880
59921
59935
59938
60015
60041
60043
60063
60075
60079
60103
60166
60202
60225
60227
60233
60239
60242
60308
60317
60338
60536
60556
60562
60566
60602
60689
60695
60758
60763
60804
60846
60949
61054
61074
61075
61076
61096
61113
61135
61149
61208
61238
61246
61295
61395
61414
61452
61483
61543
61592
61615
61637
61658
61663
61914
61933
62069
62073
62106
62165
62230
62283
62322
62326
62395
62402
62487
62548
62617
62684
62688
62739
62773
62781
62785
62802
62873
62877
62879
62881
62916
62929
62956
62959
63018
63051
63059
63165
63178
63186
63205
63258
63266
63276
63296
63345
63356
63366
63371
63425
63464
63474
63523
63634
63708
63908
63954
64011
64037
64139
64140
64167
64169
64169
64172
64207
64212
64235
64241
64275
64300
64305
64324
64330
64402
64431
64441
64469
64492
64537
64582
64652
64712
64739
64789
64810
64817
65015
65126
65127
65131
65144
65153
65154
65164
65167
65181
65207
65208
65249
65264
65298
65300
65303
65389
65394
65465
65523
65526
65557
65567
65591
65629
65690
65809
65861
65863
65889
65893
65907
65953
65961
65972
65991
66063
66095
66120
66120
66138
66145
66191
66201
66220
66228
66247
66291
66417
66434
66437
66471
66526
66533
66552
66599
66639
66688
66707
66713
66737
66754
66764
66770
66799
66829
66884
66893
66954
66983
67005
67012
67022
67049
67101
67110
67117
67137
67167
67181
67192
67276
67362
67447
67455
67463
67471
67609
67626
67687
67761
67785
67873
67889
67906
67932
67935
67961
68030
68048
68058
68077
68119
68122
68136
68137
68151
68168
68169
68207
68252
68252
68267
68328
68339
68393
68397
68468
68501
68506
68519
68612
68645
68659
68679
68686
68734
68737
68744
68760
68761
68774
68806
68842
68848
68862
68887
68900
68901
68916
68962
68968
68973
69002
69019
69034
69079
69079
69095
69099
69113
69115
69125
69129
69219
69278
69325
69331
69361
69395
69405
69488
69566
69570
69603
69626
69644
69702
69785
69809
69818
69848
69858
69873
69902
69905
69950
69966
69971
69981
69986
70020
70026
70121
70179
70223
70230
70249
70301
70321
70335
70339
70387
70388
70524
70532
70648
70656
70684
70697
70742
70747
70785
70842
70850
70861
70894
70934
70984
71014
71047
71159
71159
71330
71345
71357
71372
71462
71473
71479
71548
71567
71696
71778
71786
71856
71892
71894
71918
71923
71966
71977
71982
71996
72079
72097
72161
72189
72232
72268
72379
72386
72499
72526
72531
72537
72544
72565
72647
72736
72833
72848
72863
72966
72969
72977
72991
72998
73001
73017
73040
73047
73093
73139
73262
73291
73393
73565
73597
73611
73616
73625
73708
73720
73785
73819
73898
73902
73912
73975
73996
74050
74068
74078
74164
74174
74203
74315
74317
74330
74345
74386
74410
74413
74414
74449
74460
74529
74555
74582
74631
74670
74713
74772
74799
74832
74834
74846
74917
74928
75013
75020
75055
75173
75225
75243
75296
75320
75336
75338
75389
75412
75425
75478
75516
75563
75587
75588
75613
75643
75665
75679
75697
75760
75765
75786
75789
75827
75872
75922
75972
76064
76085
76146
76154
76222
76237
76260
76275
76357
76365
76403
76409
76479
76523
76556
76603
76619
76620
76634
76652
76709
76772
76842
76888
76914
76939
76946
76981
77007
77013
77023
77062
77064
77111
77134
77139
77148
77197
77206
77262
77321
77323
77338
77574
77591
77642
77644
77689
77701
77706
77762
77775
77821
77824
77968
78014
78024
78025
78049
78138
78216
78220
78231
78247
78250
78279
78302
78303
78318
78389
78441
78460
78499
78510
78531
78550
78552
78565
78626
78674
78773
78923
79018
79117
79118
79201
79281
79308
79331
79341
79386
79390
79400
79427
79430
79480
79491
79504
79538
79588
79606
79661
79741
79785
79790
79848
79858
79862
79906
80006
80054
80075
80119
80135
80159
80163
80166
80204
80211
80243
80310
80329
80366
80380
80382
80494
80552
80577
80638
80668
80673
80696
80769
80777
80834
80897
80911
80915
81046
81077
81187
81192
81203
81233
81288
81307
81307
81322
81326
81329
81331
81341
81365
81399
81413
81425
81431
81444
81445
81532
81536
81543
81579
81596
81624
81647
81705
81709
81713
81734
81747
81749
81759
81797
81813
81923
81955
81975
82012
82016
82096
82120
82136
82233
82242
82283
82292
82329
82361
82364
82426
82429
82465
82472
82581
82586
82629
82784
82785
82795
82819
82838
82873
82874
82907
82909
82927
82936
82952
82975
83070
83071
83099
83112
83128
83155
83158
83181
83341
83350
83368
83371
83397
83431
83437
83440
83472
83497
83506
83509
83513
83587
83602
83623
83640
83645
83663
83711
83813
83851
83871
83919
83958
83958
83982
84114
84154
84160
84170
84189
84198
84207
84207
84356
84400
84411
84423
84467
84504
84560
84601
84619
84635
84646
84723
84872
84910
84931
84947
85019
85056
85130
85168
85196
85224
85341
85365
85383
85426
85439
85456
85463
85511
85609
85622
85653
85690
85718
85772
85795
85814
85850
85854
85879
85924
85954
86010
86025
86089
86122
86130
86146
86165
86182
86302
86339
86367
86379
86420
86464
86591
86593
86607
86617
86637
86659
86671
86715
86754
86792
86802
86828
86882
86904
86922
86929
86931
86952
86988
86991
87031
87041
87047
87056
87078
87131
87183
87186
87190
87191
87241
87247
87513
87629
87659
87673
87783
87822
87824
87844
87891
87909
87919
87937
87967
88081
88153
88233
88238
88289
88359
88373
88384
88474
88551
88552
88568
88606
88620
88638
88654
88663
88676
88702
88860
89005
89035
89048
89077
89182
89218
89270
89340
89368
89499
89575
89613
89653
89655
89727
89769
89769
89780
89792
89794
89807
89817
89854
89867
89924
89930
89955
90062
90111
90125
90170
90186
90191
90203
90228
90233
90252
90309
90333
90364
90397
90468
90648
90659
90674
90729
90742
90788
90859
90860
90872
90895
90898
90924
91000
91035
91086
91088
91180
91260
91303
91325
91385
91406
91440
91555
91572
91598
91652
91666
91705
91788
91800
91801
91847
91863
91877
91915
91927
91952
91964
92028
92086
92097
92115
92150
92150
92309
92392
92404
92486
92553
92565
92580
92680
92720
92856
92882
92893
92918
92935
92973
92992
93012
93047
93068
93101
93111
93133
93156
93171
93195
93287
93291
93304
93313
93325
93333
93396
93406
93414
93472
93488
93527
93528
93558
93594
93597
93654
93664
93696
93793
93829
93839
93840
93915
93924
93976
93990
94019
94101
94111
94146
94201
94210
94214
94422
94448
94463
94468
94478
94484
94528
94599
94608
94651
94706
94715
94720
94752
94758
94780
94848
94919
94922
94943
95031
95140
95179
95219
95246
95329
95351
95362
95376
95406
95432
95439
95439
95445
95468
95539
95544
95555
95660
95825
95873
95874
95888
95895
95895
95955
96009
96049
96099
96113
96147
96162
96186
96195
96233
96257
96295
96319
96328
96351
96387
96423
96488
96535
96587
96694
96707
96729
96770
96776
96809
96847
96925
96970
96973
97012
97033
97202
97210
97226
97251
97251
97273
97300
97313
97323
97338
97339
97427
97429
97438
97450
97457
97494
97533
97543
97549
97568
97591
97615
97721
97727
97802
97863
97885
98017
98021
98048
98097
98120
98132
98202
98207
98220
98258
98291
98327
98334
98395
98400
98496
98546
98552
98582
98588
98615
98640
98654
98668
98676
98692
98708
98718
98736
98746
98782
98797
98818
98940
98967
99096
99107
99157
99180
99187
99189
99221
99245
99384
99398
99469
99483
99537
99543
99609
99719
99721
99763
99792
99832
99833
99877
99913
99915
99949
99991
