-0.368462
-0.368462
-0.0413499
-0.0413499
-0.281041
-0.281041
0.178865
0.178865
0.434693
0.434693
0.0194164
0.0194164
-0.465428
-0.465428
0.0297002
0.0297002
-0.492302
-0.492302
-0.433158
-0.433158
0.186773
0.186773
0.430436
0.430436
0.0269288
0.0269288
0.153919
0.153919
0.201191
0.201191
0.262198
0.262198
-0.452535
-0.452535
-0.171766
-0.171766
0.25641
0.25641
-0.134661
-0.134661
0.48255
0.48255
0.253356
0.253356
-0.427314
-0.427314
0.384707
0.384707
-0.0635886
-0.0635886
-0.0222682
-0.0222682
-0.225093
-0.225093
-0.333493
-0.333493
0.397656
0.397656
-0.439436
-0.439436
0.00452289
0.00452289
-0.180967
-0.180967
-0.00602331
-0.00602331
-0.409267
-0.409267
-0.426251
-0.426251
-0.115858
-0.115858
0.413817
0.413817
-0.0355542
-0.0355542
-0.449916
-0.449916
0.270205
0.270205
-0.374635
-0.374635
0.188455
0.188455
0.129543
0.129543
0.225412
0.225412
0.388572
0.388572
-0.193678
-0.193678
0.0132737
0.0132737
0.345982
0.345982
0.341511
0.341511
-0.0846054
-0.0846054
