-0.0391741
-0.0782399
-0.117194
-0.156033
-0.194754
-0.233352
-0.271826
-0.310171
-0.348384
-0.386461
-0.4244
-0.462198
-0.49985
-0.537353
-0.574705
-0.611902
-0.648941
-0.685818
-0.722531
-0.759076
-0.795449
-0.831649
-0.867671
-0.903512
-0.93917
-0.974641
-1.00992
-1.04501
-1.0799
-1.1146
-1.14909
-1.18337
-1.21745
-1.25132
-1.28497
-1.31841
-1.35162
-1.38462
-1.41738
-1.44992
-1.48223
-1.5143
-1.54614
-1.57774
-1.60909
-1.6402
-1.67106
-1.70167
-1.73202
-1.76212
-1.79196
-1.82154
-1.85086
-1.8799
-1.90868
-1.93719
-1.96542
-1.99338
-2.02105
-2.04845
-2.07556
-2.10238
-2.12892
-2.15516
-2.18111
-2.20676
-2.23212
-2.25717
-2.28192
-2.30637
-2.33051
-2.35434
-2.37786
-2.40106
-2.42395
-2.44652
-2.46877
-2.4907
-2.51231
-2.53358
-2.55454
-2.57516
-2.59545
-2.6154
-2.63502
-2.65431
-2.67325
-2.69185
-2.71011
-2.72803
-2.7456
-2.76282
-2.7797
-2.79622
-2.81239
-2.82821
-2.84367
-2.85877
-2.87352
-2.88791
-2.90193
-2.91559
-2.92889
-2.94183
-2.95439
-2.96659
-2.97842
-2.98988
-3.00097
-3.01169
-3.02203
-3.032
-3.04159
-3.0508
-3.05964
-3.0681
-3.07618
-3.08388
-3.09119
-3.09813
-3.10468
-3.11084
-3.11663
-3.12202
-3.12703
-3.13166
-3.13589
-3.13974
-3.1432
-3.14627
-3.14895
-3.15124
-3.15314
-3.15465
-3.15577
-3.15649
-3.15683
-3.15677
-3.15632
-3.15547
-3.15423
-3.1526
-3.15057
-3.14815
-3.14534
-3.14213
-3.13853
-3.13454
-3.13015
-3.12536
-3.12019
-3.11462
-3.10865
-3.10229
-3.09554
-3.0884
-3.08086
-3.07294
-3.06462
-3.0559
-3.0468
-3.03731
-3.02742
-3.01715
-3.00648
-2.99543
-2.98399
-2.97216
-2.95994
-2.94734
-2.93435
-2.92098
-2.90722
-2.89308
-2.87855
-2.86364
-2.84836
-2.83269
-2.81664
-2.80022
-2.78341
-2.76623
-2.74868
-2.73075
-2.71245
-2.69377
-2.67473
-2.65531
-2.63553
-2.61538
-2.59486
-2.57398
-2.55274
-2.53113
-2.50916
-2.48683
-2.46415
-2.44111
-2.41771
-2.39396
-2.36986
-2.3454
-2.3206
-2.29545
-2.26996
-2.24412
-2.21793
-2.19141
-2.16455
-2.13735
-2.10982
-2.08195
-2.05375
-2.02522
-1.99637
-1.96718
-1.93768
-1.90785
-1.8777
-1.84723
-1.81644
-1.78535
-1.75394
-1.72222
-1.69019
-1.65785
-1.62522
-1.59228
-1.55904
-1.5255
-1.49167
-1.45755
-1.42314
-1.38844
-1.35346
-1.31819
-1.28264
-1.24681
-1.21071
-1.17433
-1.13768
-1.10077
-1.06358
-1.02614
-0.98843
-0.950464
-0.912243
-0.873769
-0.835044
-0.796071
-0.756853
-0.717392
-0.677691
-0.637752
-0.59758
-0.557175
-0.516541
-0.475681
-0.434598
-0.393293
-0.351771
-0.310034
-0.268085
-0.225926
-0.183561
-0.140992
-0.0982221
-0.0552548
-0.0120927
0.0312613
0.0748042
0.118533
0.162445
0.206537
0.250805
0.295248
0.339861
0.384643
0.429589
0.474696
0.519963
0.565384
0.610958
0.656682
0.702552
0.748564
0.794717
0.841006
0.887429
0.933982
0.980662
1.02747
1.07439
1.12143
1.16859
1.21586
1.26324
1.31072
1.3583
1.40598
1.45375
1.50162
1.54958
1.59762
1.64574
1.69394
1.74222
1.79057
1.83898
1.88747
1.93601
1.98461
2.03327
2.08198
2.13074
2.17955
2.2284
2.27728
2.32621
2.37516
2.42414
2.47315
2.52218
2.57123
2.6203
2.66938
2.71846
2.76755
2.81665
2.86574
2.91483
2.96391
3.01298
3.06204
3.11108
3.1601
3.20909
3.25806
3.30699
3.35589
3.40475
3.45358
3.50235
3.55109
3.59977
3.64839
3.69696
3.74547
3.79392
3.84229
3.8906
3.93884
3.987
4.03507
4.08307
4.13098
4.1788
4.22652
4.27415
4.32169
4.36912
4.41644
4.46365
4.51076
4.55775
4.60462
4.65137
4.698
4.74449
4.79086
4.8371
4.8832
4.92916
4.97497
5.02065
5.06617
5.11154
5.15676
5.20182
5.24672
5.29145
5.33602
5.38042
5.42465
5.4687
5.51258
5.55627
5.59979
5.64311
5.68625
5.72919
5.77194
5.81449
5.85684
5.89899
5.94093
5.98267
6.02419
6.0655
6.10659
6.14746
6.18812
6.22854
6.26874
6.30871
6.34845
6.38796
6.42723
6.46625
6.50504
6.54358
6.58188
6.61992
6.65772
6.69526
6.73254
6.76957
6.80633
6.84283
6.87907
6.91503
6.95073
6.98616
7.02131
7.05618
7.09078
7.12509
7.15912
7.19287
7.22633
7.2595
7.29238
7.32496
7.35726
7.38925
7.42095
7.45234
7.48343
7.51422
7.5447
7.57487
7.60474
7.63429
7.66353
7.69245
7.72105
7.74934
7.77731
7.80496
7.83228
7.85928
7.88595
7.91229
7.93831
7.96399
7.98934
8.01436
8.03904
8.06339
8.0874
8.11107
8.1344
8.15739
8.18003
8.20233
8.22429
8.2459
8.26716
8.28808
8.30864
8.32886
8.34872
8.36823
8.38739
8.40619
8.42464
8.44273
8.46046
8.47783
8.49485
8.51151
8.52781
8.54374
8.55932
8.57453
8.58938
8.60386
8.61798
8.63174
8.64513
8.65816
8.67082
8.68311
8.69503
8.70659
8.71778
8.7286
8.73906
8.74914
8.75886
8.7682
8.77718
8.78579
8.79402
8.80189
8.80939
8.81651
8.82327
8.82966
8.83567
8.84132
8.8466
8.8515
8.85604
8.86021
8.864
8.86743
8.87049
8.87318
8.8755
8.87745
8.87904
8.88026
8.88111
8.88159
8.88171
8.88146
8.88085
8.87987
8.87853
8.87682
8.87475
8.87232
8.86953
8.86637
8.86286
8.85898
8.85475
8.85016
8.84521
8.8399
8.83424
8.82822
8.82185
8.81513
8.80806
8.80063
8.79285
8.78473
8.77626
8.76744
8.75827
8.74876
8.73891
8.72872
8.71818
8.7073
8.69609
8.68454
8.67265
8.66043
8.64787
8.63499
8.62177
8.60822
8.59435
8.58015
8.56562
8.55077
8.5356
8.52011
8.5043
8.48817
8.47173
8.45498
8.43791
8.42053
8.40284
8.38485
8.36655
8.34795
8.32904
8.30984
8.29033
8.27054
8.25044
8.23006
8.20938
8.18842
8.16716
8.14563
8.12381
8.10171
8.07933
8.05667
8.03374
8.01054
7.98706
7.96332
7.93931
7.91504
7.8905
7.86571
7.84065
7.81534
7.78978
7.76397
7.73791
7.7116
7.68505
7.65825
7.63122
7.60394
7.57644
7.5487
7.52073
7.49253
7.46411
7.43546
7.40659
7.37751
7.34821
7.31869
7.28897
7.25903
7.22889
7.19855
7.16801
7.13727
7.10633
7.0752
7.04388
7.01237
6.98067
6.9488
6.91674
6.8845
6.85209
6.81951
6.78676
6.75384
6.72076
6.68751
6.65411
6.62055
6.58684
6.55297
6.51896
6.4848
6.4505
6.41606
6.38148
6.34677
6.31193
6.27696
6.24186
6.20664
6.17129
6.13583
6.10026
6.06457
6.02878
5.99287
5.95687
5.92076
5.88455
5.84825
5.81186
5.77537
5.7388
5.70215
5.66541
5.6286
5.59171
5.55475
5.51772
5.48062
5.44345
5.40623
5.36895
5.33161
5.29422
5.25678
5.21929
5.18176
5.14418
5.10657
5.06892
5.03124
4.99353
4.95579
4.91803
4.88024
4.84244
4.80462
4.76679
4.72895
4.6911
4.65324
4.61539
4.57753
4.53968
4.50183
4.464
4.42617
4.38836
4.35057
4.3128
4.27505
4.23733
4.19964
4.16197
4.12434
4.08675
4.0492
4.01169
3.97423
3.93681
3.89944
3.86213
3.82487
3.78767
3.75053
3.71345
3.67644
3.6395
3.60263
3.56584
3.52912
3.49248
3.45592
3.41945
3.38306
3.34676
3.31056
3.27445
3.23843
3.20252
3.16671
3.131
3.0954
3.05991
3.02453
2.98926
2.95411
2.91908
2.88417
2.84939
2.81473
2.7802
2.7458
2.71153
2.6774
2.64341
2.60955
2.57584
2.54227
2.50885
2.47558
2.44246
2.40949
2.37668
2.34402
2.31153
2.27919
2.24702
2.21502
2.18318
2.15151
2.12002
2.0887
2.05755
2.02659
1.9958
1.9652
1.93477
1.90454
1.87449
1.84463
1.81496
1.78549
1.75621
1.72713
1.69824
1.66956
1.64108
1.6128
1.58472
1.55686
1.5292
1.50175
1.47452
1.44749
1.42069
1.3941
1.36773
1.34157
1.31564
1.28993
1.26445
1.23919
1.21416
1.18935
1.16478
1.14044
1.11633
1.09245
1.06881
1.0454
1.02223
0.999306
0.976616
0.954168
0.931962
0.91
0.888282
0.866809
0.845583
0.824605
0.803876
0.783396
0.763168
0.74319
0.723466
0.703995
0.684778
0.665817
0.647112
0.628664
0.610473
0.592541
0.574869
0.557456
0.540304
0.523414
0.506786
0.49042
0.474318
0.45848
0.442906
0.427597
0.412555
0.397778
0.383267
0.369024
0.355049
0.341341
0.327901
0.31473
0.301829
0.289196
0.276834
0.264741
0.252918
0.241366
0.230084
0.219073
0.208333
0.197865
0.187667
0.177741
0.168086
0.158703
0.149591
0.14075
0.132181
0.123884
0.115857
0.108102
0.100619
0.0934059
0.0864639
0.0797927
0.073392
0.0672615
0.0614011
0.0558104
0.0504892
0.0454372
0.040654
0.0361393
0.0318927
0.0279138
0.0242023
0.0207576
0.0175792
0.0146668
0.0120198
0.0096377
0.00751991
0.00566589
0.00407504
0.00274675
0.00168039
0.000875318
0.000330846
4.6284e-05
2.09168e-05
0.000254009
0.000744803
0.00149252
0.00249637
0.00375553
0.00526916
0.00703641
0.0090564
0.0113282
0.013851
0.0166237
0.0196455
0.0229153
0.0264322
0.0301951
0.0342031
0.038455
0.0429498
0.0476864
0.0526637
0.0578806
0.0633358
0.0690284
0.074957
0.0811205
0.0875176
0.0941472
0.101008
0.108099
0.115418
0.122964
0.130737
0.138734
0.146955
0.155397
0.16406
0.172942
0.182042
0.191358
0.200889
0.210633
0.220589
0.230755
0.24113
0.251713
0.262501
0.273494
0.284689
0.296085
0.307681
0.319474
0.331464
0.343648
0.356025
0.368593
0.381351
0.394296
0.407428
0.420744
0.434242
0.447922
0.46178
0.475816
0.490027
0.504412
0.518969
0.533696
0.548592
0.563653
0.57888
0.594269
0.609818
0.625527
0.641392
0.657413
0.673587
0.689912
0.706386
0.723008
0.739775
0.756685
0.773737
0.790928
0.808257
0.825721
0.843319
0.861048
0.878906
0.896891
0.915002
0.933236
0.951591
0.970066
0.988657
1.00736
1.02618
1.04511
1.06415
1.0833
1.10255
1.1219
1.14135
1.1609
1.18055
1.20029
1.22012
1.24004
1.26005
1.28014
1.30032
1.32058
1.34091
1.36132
1.38181
1.40237
1.423
1.4437
1.46446
1.48529
1.50618
1.52713
1.54813
1.56919
1.5903
1.61146
1.63267
1.65393
1.67523
1.69657
1.71795
1.73937
1.76083
1.78231
1.80383
1.82538
1.84695
1.86855
1.89017
1.9118
1.93346
1.95513
1.97682
1.99851
2.02022
2.04193
2.06364
2.08536
2.10708
2.1288
2.15051
2.17222
2.19391
2.2156
2.23728
2.25894
2.28058
2.30221
2.32381
2.34539
2.36695
2.38847
2.40997
2.43144
2.45287
2.47427
2.49563
2.51695
2.53823
2.55946
2.58065
2.60179
2.62288
2.64392
2.66491
2.68584
2.70671
2.72752
2.74827
2.76895
2.78957
2.81012
2.8306
2.85101
2.87135
2.89161
2.9118
2.9319
2.95192
2.97186
2.99172
3.01149
3.03117
3.05076
3.07026
3.08966
3.10897
3.12819
3.1473
3.16631
3.18522
3.20402
3.22272
3.24131
3.25979
3.27816
3.29642
3.31456
3.33258
3.35049
3.36828
3.38595
3.40349
3.42091
3.43821
3.45538
3.47242
3.48933
3.5061
3.52275
3.53926
3.55563
3.57187
3.58796
3.60392
3.61973
3.6354
3.65093
3.66631
3.68154
3.69662
3.71156
3.72634
3.74097
3.75545
3.76977
3.78394
3.79794
3.81179
3.82548
3.83901
3.85238
3.86558
3.87862
3.89149
3.9042
3.91674
3.92911
3.94131
3.95334
3.9652
3.97689
3.9884
3.99974
4.0109
4.02189
4.03269
4.04333
4.05378
4.06405
4.07414
4.08405
4.09378
4.10333
4.11269
4.12186
4.13086
4.13966
4.14828
4.15671
4.16496
4.17302
4.18088
4.18856
4.19605
4.20335
4.21045
4.21737
4.22409
4.23062
4.23695
4.2431
4.24904
4.2548
4.26036
4.26572
4.27089
4.27586
4.28064
4.28522
4.28961
4.29379
4.29778
4.30157
4.30517
4.30857
4.31177
4.31477
4.31757
4.32018
4.32258
4.32479
4.3268
4.32861
4.33023
4.33164
4.33286
4.33387
4.33469
4.33531
4.33574
4.33596
4.33599
4.33582
4.33545
4.33488
4.33412
4.33316
4.332
4.33065
4.3291
4.32735
4.32541
4.32328
4.32095
4.31842
4.3157
4.31279
4.30968
4.30638
4.30289
4.2992
4.29533
4.29126
4.287
4.28255
4.27792
4.27309
4.26808
4.26287
4.25749
4.25191
4.24615
4.2402
4.23407
4.22776
4.22126
4.21458
4.20772
4.20068
4.19345
4.18605
4.17847
4.17072
4.16278
4.15467
4.14639
4.13793
4.12929
4.12049
4.11151
4.10237
4.09305
4.08356
4.07391
4.06409
4.05411
4.04396
4.03364
4.02317
4.01253
4.00173
3.99078
3.97966
3.96839
3.95696
3.94538
3.93364
3.92176
3.90972
3.89753
3.88519
3.8727
3.86007
3.84729
3.83437
3.8213
3.80809
3.79475
3.78126
3.76764
3.75388
3.73998
3.72596
3.7118
3.6975
3.68308
3.66853
3.65386
3.63906
3.62413
3.60908
3.59391
3.57862
3.56322
3.54769
3.53205
3.5163
3.50043
3.48445
3.46837
3.45217
3.43587
3.41946
3.40295
3.38634
3.36963
3.35282
3.33591
3.3189
3.3018
3.28461
3.26733
3.24995
3.23249
3.21494
3.19731
3.17959
3.1618
3.14392
3.12596
3.10793
3.08982
3.07164
3.05338
3.03506
3.01667
2.99821
2.97968
2.96109
2.94244
2.92372
2.90495
2.88612
2.86724
2.8483
2.82931
2.81026
2.79117
2.77203
2.75285
2.73362
2.71435
2.69504
2.67569
2.6563
2.63687
2.61741
2.59792
2.5784
2.55885
2.53927
2.51967
2.50004
2.48039
2.46072
2.44103
2.42132
2.40159
2.38186
2.3621
2.34234
2.32257
2.30279
2.28301
2.26322
2.24343
2.22363
2.20384
2.18405
2.16426
2.14448
2.1247
2.10494
2.08518
2.06544
2.04571
2.02599
2.00629
1.98661
1.96695
1.94731
1.92769
1.90809
1.88853
1.86898
1.84947
1.82999
1.81054
1.79113
1.77175
1.7524
1.73309
1.71383
1.6946
1.67542
1.65628
1.63718
1.61814
1.59914
1.58019
1.56129
1.54244
1.52365
1.50491
1.48623
1.46761
1.44905
1.43055
1.41211
1.39373
1.37542
1.35717
1.339
1.32089
1.30285
1.28488
1.26699
1.24916
1.23142
1.21375
1.19615
1.17864
1.16121
1.14385
1.12658
1.1094
1.09229
1.07528
1.05835
1.04151
1.02475
1.00809
0.991521
0.975042
0.958657
0.942367
0.926172
0.910073
0.894073
0.87817
0.862368
0.846665
0.831065
0.815566
0.800171
0.784881
0.769695
0.754616
0.739643
0.724778
0.710022
0.695375
0.680839
0.666414
0.6521
0.637899
0.623812
0.609838
0.59598
0.582237
0.56861
0.555101
0.541709
0.528435
0.51528
0.502245
0.48933
0.476536
0.463863
0.451312
0.438884
0.426579
0.414397
0.402339
0.390406
0.378598
0.366915
0.355358
0.343928
0.332624
0.321447
0.310398
0.299477
0.288684
0.27802
0.267484
0.257078
0.246801
0.236654
0.226637
0.21675
0.206994
0.197369
0.187874
0.17851
0.169278
0.160176
0.151207
0.142369
0.133662
0.125088
0.116645
0.108334
0.100155
0.0921073
0.0841921
0.0764087
0.0687571
0.0612374
0.0538494
0.0465931
0.0394683
0.032475
0.0256131
0.0188823
0.0122825
0.00581359
-0.000524665
-0.00673248
-0.0128101
-0.0187577
-0.0245755
-0.0302639
-0.0358231
-0.0412535
-0.0465553
-0.0517288
-0.0567745
-0.0616926
-0.0664836
-0.0711478
-0.0756857
-0.0800977
-0.0843842
-0.0885457
-0.0925826
-0.0964954
-0.100285
-0.103951
-0.107494
-0.110916
-0.114216
-0.117396
-0.120455
-0.123394
-0.126214
-0.128916
-0.1315
-0.133967
-0.136317
-0.138552
-0.140672
-0.142677
-0.144568
-0.146347
-0.148013
-0.149568
-0.151013
-0.152347
-0.153573
-0.15469
-0.155701
-0.156604
-0.157402
-0.158095
-0.158684
-0.15917
-0.159555
-0.159837
-0.16002
-0.160104
-0.160089
-0.159976
-0.159767
-0.159463
-0.159065
-0.158573
-0.157989
-0.157313
-0.156547
-0.155692
-0.154749
-0.153718
-0.152602
-0.151401
-0.150116
-0.148748
-0.147299
-0.14577
-0.144161
-0.142474
-0.14071
-0.138871
-0.136957
-0.13497
-0.132911
-0.130781
-0.128581
-0.126312
-0.123977
-0.121575
-0.119109
-0.11658
-0.113988
-0.111335
-0.108623
-0.105853
-0.103025
-0.100142
-0.0972047
-0.0942142
-0.091172
-0.0880794
-0.0849378
-0.0817486
-0.078513
-0.0752325
-0.0719084
-0.0685421
-0.0651349
-0.0616883
-0.0582037
-0.0546824
-0.0511258
-0.0475353
-0.0439124
-0.0402584
-0.0365748
-0.0328629
-0.0291243
-0.0253603
-0.0215724
-0.017762
-0.0139305
-0.0100794
-0.00621008
-0.00232403
0.00157731
0.00549249
0.00942008
0.0133586
0.0173066
0.0212626
0.0252253
0.029193
0.0331644
0.0371379
0.0411122
0.0450858
0.0490572
0.0530249
0.0569876
0.0609436
0.0648916
0.0688301
0.0727576
0.0766727
0.0805739
0.0844598
0.0883289
0.0921798
0.0960109
0.0998209
0.103608
0.107372
0.11111
0.11482
0.118503
0.122156
0.125777
0.129366
0.132921
0.13644
0.139922
0.143366
0.146771
0.150134
0.153454
0.156731
0.159962
0.163147
0.166283
0.16937
0.172406
0.17539
0.17832
0.181195
0.184014
0.186776
0.189478
0.192121
0.194701
0.197219
0.199673
0.202061
0.204382
0.206635
0.208819
0.210933
0.212974
0.214943
0.216837
0.218655
0.220397
0.222061
0.223645
0.225149
0.226572
0.227912
0.229167
0.230338
0.231423
0.23242
0.233329
0.234148
0.234877
0.235514
0.236058
0.236508
0.236863
0.237122
0.237284
0.237348
0.237313
0.237178
0.236942
0.236604
0.236163
0.235618
0.234968
0.234213
0.23335
0.232381
0.231303
0.230115
0.228818
0.227409
0.225889
0.224256
0.222509
0.220649
0.218673
0.216582
0.214375
0.21205
0.209608
0.207047
0.204366
0.201566
0.198646
0.195604
0.19244
0.189155
0.185746
0.182214
0.178558
0.174777
0.170871
0.16684
0.162682
0.158398
0.153988
0.149449
0.144784
0.139989
0.135067
0.130015
0.124834
0.119524
0.114084
0.108513
0.102812
0.0969806
0.0910181
0.0849245
0.0786995
0.072343
0.0658549
0.0592349
0.052483
0.045599
0.0385829
0.0314346
0.0241541
0.0167412
0.00919613
0.00151874
-0.0062909
-0.0142327
-0.0223067
-0.0305128
-0.0388507
-0.0473205
-0.055922
-0.064655
-0.0735194
-0.0825148
-0.0916412
-0.100898
-0.110286
-0.119803
-0.129451
-0.139228
-0.149134
-0.159169
-0.169332
-0.179623
-0.190042
-0.200588
-0.211261
-0.22206
-0.232985
-0.244034
-0.255209
-0.266508
-0.27793
-0.289475
-0.301142
-0.312931
-0.324841
-0.336872
-0.349021
-0.36129
-0.373677
-0.386181
-0.398802
-0.411539
-0.42439
-0.437356
-0.450435
-0.463626
-0.476929
-0.490343
-0.503866
-0.517497
-0.531236
-0.545082
-0.559034
-0.57309
-0.587249
-0.601511
-0.615875
-0.630338
-0.644901
-0.659561
-0.674318
-0.689171
-0.704118
-0.719158
-0.73429
-0.749512
-0.764824
-0.780223
-0.795709
-0.81128
-0.826935
-0.842672
-0.858491
-0.874389
-0.890365
-0.906418
-0.922546
-0.938747
-0.955021
-0.971365
-0.987778
-1.00426
-1.02081
-1.03742
-1.05409
-1.07082
-1.08762
-1.10447
-1.12138
-1.13834
-1.15535
-1.17242
-1.18953
-1.20669
-1.22389
-1.24114
-1.25843
-1.27576
-1.29313
-1.31054
-1.32798
-1.34545
-1.36295
-1.38047
-1.39803
-1.41561
-1.43321
-1.45083
-1.46847
-1.48613
-1.5038
-1.52148
-1.53917
-1.55687
-1.57458
-1.59229
-1.61
-1.62771
-1.64542
-1.66312
-1.68081
-1.6985
-1.71617
-1.73383
-1.75147
-1.7691
-1.7867
-1.80428
-1.82184
-1.83936
-1.85686
-1.87433
-1.89176
-1.90915
-1.9265
-1.94381
-1.96108
-1.9783
-1.99547
-2.01259
-2.02965
-2.04666
-2.06361
-2.0805
-2.09732
-2.11408
-2.13077
-2.14738
-2.16393
-2.18039
-2.19678
-2.21309
-2.22931
-2.24544
-2.26149
-2.27744
-2.2933
-2.30907
-2.32473
-2.34029
-2.35575
-2.37109
-2.38633
-2.40146
-2.41647
-2.43136
-2.44613
-2.46078
-2.47531
-2.4897
-2.50396
-2.51809
-2.53209
-2.54594
-2.55965
-2.57322
-2.58664
-2.59991
-2.61303
-2.62599
-2.63879
-2.65144
-2.66392
-2.67623
-2.68838
-2.70035
-2.71215
-2.72378
-2.73522
-2.74648
-2.75756
-2.76845
-2.77915
-2.78966
-2.79997
-2.81008
-2.81999
-2.8297
-2.8392
-2.84849
-2.85757
-2.86644
-2.87509
-2.88352
-2.89173
-2.89971
-2.90746
-2.91498
-2.92227
-2.92933
-2.93615
-2.94272
-2.94905
-2.95514
-2.96098
-2.96656
-2.97189
-2.97697
-2.98178
-2.98634
-2.99063
-2.99465
-2.9984
-3.00188
-3.00509
-3.00802
-3.01067
-3.01303
-3.01512
-3.01691
-3.01842
-3.01963
-3.02055
-3.02117
-3.02149
-3.02151
-3.02123
-3.02064
-3.01974
-3.01852
-3.017
-3.01516
-3.01299
-3.01051
-3.00771
-3.00458
-3.00112
-2.99733
-2.9932
-2.98875
-2.98395
-2.97882
-2.97335
-2.96753
-2.96136
-2.95485
-2.94799
-2.94077
-2.93321
-2.92528
-2.917
-2.90835
-2.89934
-2.88997
-2.88023
-2.87012
-2.85964
-2.84879
-2.83757
-2.82596
-2.81398
-2.80162
-2.78887
-2.77575
-2.76223
-2.74833
-2.73404
-2.71936
-2.70428
-2.68881
-2.67294
-2.65668
-2.64001
-2.62294
-2.60547
-2.5876
-2.56932
-2.55063
-2.53153
-2.51202
-2.4921
-2.47177
-2.45102
-2.42985
-2.40826
-2.38626
-2.36383
-2.34098
-2.31771
-2.29402
-2.2699
-2.24535
-2.22037
-2.19496
-2.16913
-2.14286
-2.11616
-2.08902
-2.06145
-2.03344
-2.005
-1.97612
-1.9468
-1.91704
-1.88684
-1.85619
-1.82511
-1.79358
-1.76161
-1.72919
-1.69633
-1.66302
-1.62927
-1.59507
-1.56042
-1.52532
-1.48977
-1.45377
-1.41733
-1.38043
-1.34308
-1.30528
-1.26703
-1.22832
-1.18917
-1.14956
-1.1095
-1.06898
-1.02801
-0.986593
-0.944717
-0.902388
-0.859606
-0.816369
-0.772679
-0.728535
-0.683937
-0.638885
-0.59338
-0.547422
-0.50101
-0.454146
-0.406829
-0.359059
-0.310837
-0.262163
-0.213038
-0.163462
-0.113435
-0.0629577
-0.0120311
0.0393447
0.091169
0.143441
0.196161
0.249327
0.30294
0.356997
0.411499
0.466445
0.521833
0.577664
0.633936
0.690648
0.747799
0.805389
0.863416
0.921879
0.980777
1.04011
1.09987
1.16007
1.2207
1.28175
1.34324
1.40515
1.46749
1.53025
1.59343
1.65703
1.72106
1.7855
1.85036
1.91563
1.98132
2.04741
2.11392
2.18084
2.24816
2.31589
2.38402
2.45255
2.52148
2.59081
2.66053
2.73065
2.80116
2.87206
2.94334
3.01501
3.08707
3.1595
3.23232
3.30551
3.37907
3.45301
3.52732
3.60199
3.67703
3.75243
3.82819
3.90431
3.98079
4.05761
4.13479
4.21231
4.29018
4.36839
4.44695
4.52583
4.60505
4.68461
4.76449
4.84469
4.92522
5.00607
5.08724
5.16872
5.25051
5.3326
5.41501
5.49771
5.58071
5.66401
5.7476
5.83148
5.91565
6.00009
6.08482
6.16982
6.2551
6.34064
6.42646
6.51253
6.59886
6.68545
6.77229
6.85938
6.94671
7.03428
7.1221
7.21014
7.29842
7.38692
7.47565
7.56459
7.65376
7.74313
7.83271
7.92249
8.01248
8.10266
8.19303
8.2836
8.37434
8.46527
8.55638
8.64765
8.7391
8.83071
8.92248
9.0144
9.10648
9.19871
9.29108
9.38359
9.47623
9.56901
9.66191
9.75494
9.84808
9.94134
10.0347
10.1282
10.2217
10.3154
10.4092
10.503
10.597
10.691
10.7851
10.8792
10.9734
11.0677
11.162
11.2564
11.3509
11.4453
11.5399
11.6344
11.729
11.8236
11.9182
12.0128
12.1075
12.2021
12.2968
12.3914
12.486
12.5807
12.6753
12.7698
12.8644
12.9589
13.0534
13.1478
13.2422
13.3365
13.4308
13.525
13.6191
13.7132
13.8072
13.9011
13.995
14.0887
14.1823
14.2759
14.3693
14.4626
14.5558
14.6489
14.7418
14.8346
14.9273
15.0199
15.1123
15.2045
15.2966
15.3885
15.4803
15.5718
15.6633
15.7545
15.8455
15.9364
16.027
16.1175
16.2077
16.2977
16.3875
16.4771
16.5665
16.6556
16.7445
16.8332
16.9216
17.0097
17.0976
17.1852
17.2726
17.3597
17.4465
17.533
17.6193
17.7052
17.7909
17.8762
17.9613
18.046
18.1304
18.2145
18.2983
18.3817
18.4648
18.5476
18.63
18.712
18.7937
18.8751
18.956
19.0366
19.1169
19.1967
19.2762
19.3552
19.4339
19.5122
19.59
19.6675
19.7445
19.8211
19.8973
19.9731
20.0484
20.1233
20.1978
20.2718
20.3453
20.4184
20.491
20.5632
20.6349
20.7061
20.7768
20.8471
20.9168
20.9861
21.0549
21.1232
21.1909
21.2582
21.3249
21.3911
21.4568
21.5219
21.5866
21.6506
21.7142
21.7772
21.8396
21.9015
21.9629
22.0236
22.0838
22.1434
22.2025
22.261
22.3189
22.3762
22.4329
22.489
22.5445
22.5994
22.6537
22.7074
22.7605
22.8129
22.8647
22.916
22.9665
23.0165
23.0658
23.1144
23.1624
23.2098
23.2565
23.3026
23.3479
23.3927
23.4367
23.4801
23.5229
23.5649
23.6063
23.6469
23.6869
23.7262
23.7648
23.8027
23.84
23.8765
23.9123
23.9474
23.9817
24.0154
24.0483
24.0806
24.1121
24.1429
24.1729
24.2022
24.2308
24.2586
24.2857
24.3121
24.3377
24.3626
24.3867
24.41
24.4326
24.4545
24.4756
24.4959
24.5154
24.5342
24.5522
24.5695
24.586
24.6017
24.6166
24.6307
24.6441
24.6566
24.6684
24.6794
24.6896
24.699
24.7076
24.7155
24.7225
24.7287
24.7342
24.7388
24.7426
24.7456
24.7478
24.7492
24.7498
24.7496
24.7486
24.7467
24.7441
24.7406
24.7363
24.7312
24.7253
24.7186
24.711
24.7026
24.6934
24.6834
24.6725
24.6608
24.6483
24.635
24.6208
24.6059
24.59
24.5734
24.5559
24.5376
24.5185
24.4986
24.4778
24.4562
24.4337
24.4104
24.3863
24.3614
24.3356
24.309
24.2816
24.2533
24.2242
24.1943
24.1635
24.132
24.0996
24.0663
24.0323
23.9974
23.9616
23.9251
23.8877
23.8495
23.8105
23.7706
23.73
23.6885
23.6462
23.603
23.5591
23.5143
23.4687
23.4223
23.3751
23.327
23.2782
23.2285
23.178
23.1268
23.0747
23.0218
22.9681
22.9136
22.8583
22.8022
22.7453
22.6876
22.6291
22.5698
22.5097
22.4488
22.3872
22.3247
22.2615
22.1975
22.1327
22.0671
22.0008
21.9337
21.8658
21.7972
21.7277
21.6576
21.5866
21.5149
21.4425
21.3693
21.2953
21.2206
21.1451
21.0689
20.992
20.9143
20.8359
20.7568
20.6769
20.5963
20.515
20.4329
20.3502
20.2667
20.1825
20.0976
20.012
19.9257
19.8387
19.751
19.6626
19.5736
19.4838
19.3934
19.3023
19.2105
19.118
19.0249
18.9311
18.8367
18.7416
18.6458
18.5494
18.4524
18.3547
18.2564
18.1574
18.0578
17.9576
17.8568
17.7553
17.6533
17.5506
17.4473
17.3435
17.239
17.134
17.0283
16.9221
16.8153
16.7079
16.6
16.4915
16.3824
16.2728
16.1626
16.0518
15.9406
15.8288
15.7164
15.6036
15.4902
15.3763
15.2618
15.1469
15.0315
14.9155
14.7991
14.6822
14.5648
14.4469
14.3285
14.2097
14.0904
13.9707
13.8505
13.7298
13.6087
13.4872
13.3652
13.2428
13.1199
12.9967
12.873
12.749
12.6245
12.4996
12.3744
12.2487
12.1227
11.9963
11.8695
11.7424
11.6149
11.4871
11.3589
11.2303
11.1015
10.9723
10.8427
10.7129
10.5827
10.4522
10.3214
10.1904
10.059
9.92734
9.7954
9.66319
9.53071
9.39797
9.26496
9.13171
8.99821
8.86447
8.73049
8.59629
8.46186
8.32722
8.19236
8.0573
7.92204
7.78659
7.65095
7.51512
7.37912
7.24295
7.10662
6.97013
6.83348
6.69669
6.55976
6.4227
6.2855
6.14819
6.01075
5.87321
5.73556
5.59781
5.45997
5.32205
5.18404
5.04596
4.90781
4.76959
4.63132
4.493
4.35464
4.21623
4.07779
3.93933
3.80085
3.66235
3.52384
3.38532
3.24682
3.10832
2.96983
2.83137
2.69293
2.55453
2.41616
2.27784
2.13957
2.00136
1.86321
1.72513
1.58712
1.4492
1.31136
1.17361
1.03596
0.898415
0.760979
0.623659
0.486461
0.349391
0.212453
0.075655
-0.0609982
-0.197501
-0.333847
-0.47003
-0.606046
-0.741887
-0.877549
-1.01303
-1.14831
-1.2834
-1.41829
-1.55296
-1.68743
-1.82167
-1.95569
-2.08948
-2.22303
-2.35635
-2.48941
-2.62222
-2.75477
-2.88706
-3.01908
-3.15082
-3.28228
-3.41346
-3.54434
-3.67493
-3.80522
-3.9352
-4.06487
-4.19421
-4.32324
-4.45193
-4.58029
-4.70832
-4.836
-4.96332
-5.0903
-5.21691
-5.34316
-5.46904
-5.59454
-5.71966
-5.8444
-5.96875
-6.0927
-6.21625
-6.3394
-6.46213
-6.58445
-6.70635
-6.82783
-6.94888
-7.06949
-7.18966
-7.30939
-7.42867
-7.5475
-7.66587
-7.78378
-7.90123
-8.0182
-8.13469
-8.25071
-8.36624
-8.48128
-8.59582
-8.70987
-8.82342
-8.93646
-9.04899
-9.161
-9.2725
-9.38347
-9.49391
-9.60382
-9.7132
-9.82204
-9.93033
-10.0381
-10.1453
-10.2519
-10.358
-10.4635
-10.5684
-10.6728
-10.7766
-10.8798
-10.9825
-11.0845
-11.186
-11.2869
-11.3872
-11.4868
-11.5859
-11.6844
-11.7822
-11.8795
-11.9761
-12.0721
-12.1675
-12.2623
-12.3564
-12.4499
-12.5427
-12.635
-12.7265
-12.8175
-12.9078
-12.9974
-13.0864
-13.1747
-13.2624
-13.3494
-13.4357
-13.5214
-13.6064
-13.6907
-13.7744
-13.8574
-13.9397
-14.0213
-14.1022
-14.1824
-14.262
-14.3409
-14.419
-14.4965
-14.5733
-14.6494
-14.7247
-14.7994
-14.8734
-14.9466
-15.0192
-15.091
-15.1621
-15.2325
-15.3022
-15.3712
-15.4394
-15.507
-15.5738
-15.6398
-15.7052
-15.7698
-15.8337
-15.8969
-15.9593
-16.021
-16.0819
-16.1422
-16.2017
-16.2604
-16.3184
-16.3757
-16.4322
-16.488
-16.543
-16.5973
-16.6509
-16.7037
-16.7558
-16.8071
-16.8577
-16.9075
-16.9566
-17.0049
-17.0524
-17.0993
-17.1453
-17.1907
-17.2352
-17.2791
-17.3221
-17.3644
-17.406
-17.4468
-17.4869
-17.5262
-17.5647
-17.6025
-17.6396
-17.6759
-17.7114
-17.7462
-17.7802
-17.8135
-17.8461
-17.8779
-17.9089
-17.9392
-17.9687
-17.9975
-18.0256
-18.0529
-18.0794
-18.1052
-18.1303
-18.1546
-18.1782
-18.201
-18.2231
-18.2445
-18.2651
-18.2849
-18.3041
-18.3225
-18.3401
-18.3571
-18.3733
-18.3887
-18.4034
-18.4174
-18.4307
-18.4433
-18.4551
-18.4662
-18.4766
-18.4862
-18.4952
-18.5034
-18.5109
-18.5177
-18.5237
-18.5291
-18.5338
-18.5377
-18.541
-18.5435
-18.5454
-18.5465
-18.5469
-18.5467
-18.5458
-18.5441
-18.5418
-18.5388
-18.5351
-18.5307
-18.5257
-18.5199
-18.5135
-18.5065
-18.4987
-18.4903
-18.4812
-18.4715
-18.461
-18.45
-18.4383
-18.4259
-18.4129
-18.3992
-18.3849
-18.3699
-18.3543
-18.3381
-18.3212
-18.3037
-18.2856
-18.2669
-18.2475
-18.2275
-18.2069
-18.1857
-18.1638
-18.1414
-18.1184
-18.0947
-18.0705
-18.0457
-18.0203
-17.9942
-17.9677
-17.9405
-17.9127
-17.8844
-17.8555
-17.8261
-17.796
-17.7654
-17.7343
-17.7026
-17.6704
-17.6376
-17.6042
-17.5703
-17.5359
-17.501
-17.4655
-17.4295
-17.393
-17.356
-17.3184
-17.2803
-17.2418
-17.2027
-17.1631
-17.1231
-17.0825
-17.0415
-16.9999
-16.9579
-16.9155
-16.8725
-16.8291
-16.7852
-16.7409
-16.6961
-16.6508
-16.6051
-16.559
-16.5124
-16.4654
-16.4179
-16.37
-16.3217
-16.273
-16.2239
-16.1743
-16.1244
-16.074
-16.0233
-15.9721
-15.9206
-15.8686
-15.8163
-15.7636
-15.7106
-15.6572
-15.6034
-15.5492
-15.4947
-15.4398
-15.3846
-15.3291
-15.2732
-15.217
-15.1604
-15.1035
-15.0463
-14.9888
-14.931
-14.8728
-14.8144
-14.7556
-14.6966
-14.6372
-14.5776
-14.5177
-14.4575
-14.397
-14.3363
-14.2753
-14.2141
-14.1526
-14.0908
-14.0288
-13.9665
-13.904
-13.8413
-13.7784
-13.7152
-13.6518
-13.5881
-13.5243
-13.4603
-13.396
-13.3316
-13.2669
-13.2021
-13.1371
-13.0719
-13.0065
-12.9409
-12.8752
-12.8093
-12.7433
-12.6771
-12.6107
-12.5442
-12.4776
-12.4108
-12.3439
-12.2769
-12.2097
-12.1424
-12.075
-12.0075
-11.9398
-11.8721
-11.8043
-11.7363
-11.6683
-11.6002
-11.532
-11.4637
-11.3954
-11.327
-11.2585
-11.1899
-11.1213
-11.0527
-10.984
-10.9152
-10.8464
-10.7776
-10.7087
-10.6398
-10.5709
-10.5019
-10.433
-10.364
-10.295
-10.226
-10.157
-10.0881
-10.0191
-9.9501
-9.88114
-9.81221
-9.74329
-9.6744
-9.60554
-9.53671
-9.46792
-9.39917
-9.33046
-9.26181
-9.1932
-9.12466
-9.05617
-8.98774
-8.91939
-8.8511
-8.78289
-8.71475
-8.6467
-8.57873
-8.51086
-8.44307
-8.37538
-8.30779
-8.2403
-8.17292
-8.10564
-8.03848
-7.97144
-7.90451
-7.83771
-7.77104
-7.70449
-7.63808
-7.5718
-7.50566
-7.43967
-7.37382
-7.30812
-7.24257
-7.17718
-7.11194
-7.04687
-6.98196
-6.91722
-6.85265
-6.78825
-6.72403
-6.65998
-6.59612
-6.53244
-6.46896
-6.40566
-6.34255
-6.27964
-6.21693
-6.15442
-6.09212
-6.03002
-5.96814
-5.90646
-5.845
-5.78376
-5.72273
-5.66193
-5.60135
-5.541
-5.48088
-5.421
-5.36134
-5.30193
-5.24275
-5.18381
-5.12512
-5.06668
-5.00848
-4.95053
-4.89283
-4.83539
-4.77821
-4.72128
-4.66462
-4.60822
-4.55208
-4.49621
-4.44061
-4.38528
-4.33022
-4.27544
-4.22093
-4.1667
-4.11275
-4.05908
-4.00569
-3.95259
-3.89978
-3.84725
-3.79502
-3.74307
-3.69142
-3.64006
-3.589
-3.53823
-3.48777
-3.4376
-3.38773
-3.33817
-3.28891
-3.23996
-3.19131
-3.14297
-3.09494
-3.04722
-2.99982
-2.95272
-2.90594
-2.85947
-2.81331
-2.76748
-2.72196
-2.67676
-2.63188
-2.58731
-2.54307
-2.49916
-2.45556
-2.41229
-2.36934
-2.32671
-2.28441
-2.24244
-2.20079
-2.15948
-2.11849
-2.07782
-2.03749
-1.99748
-1.95781
-1.91847
-1.87945
-1.84077
-1.80242
-1.7644
-1.72671
-1.68935
-1.65233
-1.61564
-1.57928
-1.54326
-1.50756
-1.47221
-1.43718
-1.40249
-1.36813
-1.3341
-1.30041
-1.26705
-1.23402
-1.20133
-1.16897
-1.13694
-1.10524
-1.07388
-1.04285
-1.01215
-0.981776
-0.951738
-0.92203
-0.892653
-0.863605
-0.834887
-0.806498
-0.778437
-0.750705
-0.7233
-0.696221
-0.66947
-0.643044
-0.616943
-0.591166
-0.565714
-0.540584
-0.515777
-0.491292
-0.467127
-0.443283
-0.419758
-0.396551
-0.373662
-0.35109
-0.328834
-0.306893
-0.285266
-0.263951
-0.242949
-0.222258
-0.201877
-0.181805
-0.162041
-0.142584
-0.123432
-0.104586
-0.0860422
-0.067801
-0.049861
-0.0322209
-0.0148794
0.00216465
0.0189126
0.0353656
0.051525
0.0673923
0.0829686
0.0982553
0.113254
0.127966
0.142392
0.156535
0.170395
0.183974
0.197273
0.210295
0.22304
0.235509
0.247706
0.25963
0.271284
0.28267
0.293788
0.304641
0.31523
0.325557
0.335623
0.34543
0.354981
0.364275
0.373316
0.382105
0.390644
0.398935
0.406978
0.414777
0.422332
0.429647
0.436721
0.443558
0.45016
0.456527
0.462663
0.468568
0.474245
0.479695
0.484921
0.489925
0.494707
0.499272
0.503619
0.507752
0.511672
0.515381
0.518881
0.522175
0.525264
0.528149
0.530835
0.533321
0.535611
0.537706
0.539608
0.54132
0.542843
0.54418
0.545333
0.546303
0.547093
0.547705
0.548141
0.548403
0.548494
0.548414
0.548167
0.547755
0.547179
0.546443
0.545547
0.544494
0.543287
0.541926
0.540416
0.538757
0.536951
0.535002
0.532911
0.53068
0.528312
0.525808
0.52317
0.520402
0.517505
0.51448
0.511332
0.50806
0.504669
0.501159
0.497533
0.493793
0.489942
0.485981
0.481913
0.477739
0.473462
0.469085
0.464608
0.460035
0.455367
0.450607
0.445756
0.440818
0.435793
0.430684
0.425494
0.420224
0.414876
0.409453
0.403956
0.398389
0.392752
0.387048
0.381278
0.375446
0.369553
0.363601
0.357593
0.351529
0.345413
0.339247
0.333031
0.326769
0.320462
0.314113
0.307723
0.301295
0.29483
0.28833
0.281798
0.275234
0.268643
0.262024
0.25538
0.248713
0.242025
0.235318
0.228594
0.221854
0.2151
0.208335
0.20156
0.194777
0.187988
0.181195
0.174399
0.167602
0.160806
0.154013
0.147224
0.140442
0.133668
0.126904
0.120151
0.113412
0.106687
0.0999786
0.0932886
0.0866185
0.07997
0.0733445
0.0667438
0.0601695
0.0536231
0.0471062
0.0406204
0.0341671
0.027748
0.0213646
0.0150183
0.00871066
0.00244313
-0.00378282
-0.00996575
-0.0161042
-0.0221968
-0.0282422
-0.0342389
-0.0401856
-0.0460809
-0.0519235
-0.0577121
-0.0634453
-0.0691219
-0.0747406
-0.0803001
-0.0857992
-0.0912366
-0.0966112
-0.101922
-0.107167
-0.112346
-0.117457
-0.1225
-0.127473
-0.132375
-0.137205
-0.141962
-0.146645
-0.151252
-0.155784
-0.160239
-0.164615
-0.168912
-0.17313
-0.177266
-0.18132
-0.185292
-0.18918
-0.192984
-0.196702
-0.200334
-0.20388
-0.207337
-0.210706
-0.213985
-0.217175
-0.220274
-0.223281
-0.226197
-0.229019
-0.231748
-0.234383
-0.236924
-0.239369
-0.241718
-0.243971
-0.246127
-0.248185
-0.250146
-0.252008
-0.253771
-0.255435
-0.256999
-0.258462
-0.259825
-0.261088
-0.262248
-0.263307
-0.264265
-0.265119
-0.265871
-0.266521
-0.267067
-0.267509
-0.267849
-0.268084
-0.268215
-0.268243
-0.268166
-0.267984
-0.267698
-0.267308
-0.266813
-0.266213
-0.265508
-0.264698
-0.263784
-0.262765
-0.261641
-0.260412
-0.259079
-0.257641
-0.256099
-0.254453
-0.252702
-0.250847
-0.248888
-0.246826
-0.24466
-0.242391
-0.240018
-0.237543
-0.234966
-0.232286
-0.229504
-0.226621
-0.223636
-0.220551
-0.217365
-0.214079
-0.210693
-0.207207
-0.203623
-0.19994
-0.196159
-0.192281
-0.188306
-0.184234
-0.180066
-0.175803
-0.171445
-0.166992
-0.162446
-0.157807
-0.153075
-0.148251
-0.143336
-0.138331
-0.133236
-0.128051
-0.122778
-0.117417
-0.111969
-0.106435
-0.100815
-0.0951108
-0.0893223
-0.0834507
-0.0774967
-0.0714612
-0.065345
-0.059149
-0.052874
-0.0465209
-0.0400907
-0.0335841
-0.0270022
-0.0203458
-0.013616
-0.00681356
6.0423e-05
0.00700501
0.0140192
0.021102
0.0282524
0.0354694
0.0427519
0.0500989
0.0575094
0.0649822
0.0725163
0.0801107
0.0877641
0.0954756
0.103244
0.111068
0.118947
0.126879
0.134863
0.142899
0.150985
0.159119
0.167301
0.175529
0.183803
0.192121
0.200481
0.208883
0.217325
0.225806
0.234325
0.24288
0.251471
0.260095
0.268752
0.277441
0.28616
0.294907
0.303682
0.312483
0.321309
0.330158
0.339029
0.347922
0.356833
0.365763
0.37471
0.383671
0.392647
0.401636
0.410636
0.419646
0.428664
0.437689
0.446721
0.455756
0.464794
0.473835
0.482875
0.491914
0.50095
0.509982
0.519009
0.528028
0.53704
0.546041
0.555032
0.56401
0.572974
0.581922
0.590854
0.599767
0.60866
0.617533
0.626383
0.635209
0.644009
0.652782
0.661528
0.670243
0.678928
0.687579
0.696197
0.70478
0.713325
0.721832
0.7303
0.738727
0.747111
0.755451
0.763745
0.771993
0.780193
0.788344
0.796443
0.80449
0.812483
0.820421
0.828303
0.836127
0.843891
0.851595
0.859237
0.866815
0.874329
0.881776
0.889156
0.896468
0.903709
0.910879
0.917975
0.924998
0.931946
0.938816
0.945609
0.952322
0.958955
0.965505
0.971973
0.978356
0.984653
0.990863
0.996985
1.00302
1.00896
1.01481
1.02057
1.02623
1.03179
1.03726
1.04264
1.04791
1.05308
1.05815
1.06312
1.06799
1.07274
1.0774
1.08195
1.08638
1.09071
1.09493
1.09904
1.10303
1.10691
1.11068
1.11433
1.11786
1.12128
1.12458
1.12776
1.13081
1.13375
1.13656
1.13925
1.14182
1.14426
1.14657
1.14876
1.15082
1.15274
1.15454
1.15621
1.15775
1.15916
1.16043
1.16157
1.16257
1.16344
1.16417
1.16477
1.16522
1.16554
1.16572
1.16577
1.16567
1.16543
1.16504
1.16452
1.16385
1.16304
1.16208
1.16098
1.15974
1.15835
1.15681
1.15513
1.15329
1.15131
1.14919
1.14691
1.14448
1.14191
1.13918
1.13631
1.13328
1.1301
1.12677
1.12329
1.11966
1.11587
1.11193
1.10784
1.1036
1.0992
1.09465
1.08994
1.08508
1.08006
1.07489
1.06957
1.06409
1.05846
1.05267
1.04672
1.04062
1.03437
1.02796
1.0214
1.01468
1.0078
1.00077
0.993583
0.986242
0.978746
0.971095
0.963289
0.955328
0.947213
0.938943
0.930519
0.921942
0.91321
0.904325
0.895286
0.886094
0.87675
0.867253
0.857603
0.847802
0.837849
0.827745
0.81749
0.807085
0.79653
0.785825
0.774971
0.763968
0.752816
0.741517
0.730071
0.718478
0.706739
0.694854
0.682824
0.670649
0.65833
0.645868
0.633264
0.620517
0.607629
0.5946
0.581431
0.568122
0.554675
0.54109
0.527368
0.51351
0.499516
0.485387
0.471124
0.456728
0.4422
0.42754
0.41275
0.39783
0.382781
0.367604
0.352301
0.336871
0.321316
0.305637
0.289835
0.273911
0.257866
0.241701
0.225417
0.209014
0.192495
0.17586
0.159111
0.142248
0.125272
0.108185
0.0909877
0.0736815
0.0562675
0.0387468
0.0211207
0.00339034
-0.014443
-0.0323782
-0.0504138
-0.0685487
-0.0867815
-0.105111
-0.123536
-0.142055
-0.160667
-0.17937
-0.198163
-0.217045
-0.236014
-0.255069
-0.274209
-0.293432
-0.312737
-0.332122
-0.351585
-0.371127
-0.390744
-0.410436
-0.430201
-0.450037
-0.469943
-0.489919
-0.509961
-0.530068
-0.55024
-0.570474
-0.590769
-0.611123
-0.631535
-0.652003
-0.672526
-0.693102
-0.713729
-0.734406
-0.755132
-0.775903
-0.79672
-0.81758
-0.838482
-0.859424
-0.880404
-0.901421
-0.922473
-0.943558
-0.964674
-0.985821
-1.007
-1.0282
-1.04942
-1.07067
-1.09194
-1.11324
-1.13454
-1.15587
-1.17721
-1.19856
-1.21992
-1.24129
-1.26267
-1.28406
-1.30545
-1.32684
-1.34823
-1.36962
-1.39101
-1.41239
-1.43377
-1.45514
-1.47649
-1.49784
-1.51917
-1.54049
-1.56179
-1.58306
-1.60432
-1.62556
-1.64677
-1.66795
-1.68911
-1.71023
-1.73133
-1.75239
-1.77341
-1.7944
-1.81535
-1.83626
-1.85712
-1.87794
-1.89872
-1.91945
-1.94012
-1.96075
-1.98132
-2.00184
-2.0223
-2.0427
-2.06304
-2.08332
-2.10353
-2.12368
-2.14376
-2.16377
-2.18371
-2.20358
-2.22337
-2.24308
-2.26272
-2.28228
-2.30175
-2.32115
-2.34045
-2.35967
-2.37881
-2.39785
-2.4168
-2.43565
-2.45441
-2.47307
-2.49164
-2.5101
-2.52846
-2.54672
-2.56487
-2.58292
-2.60085
-2.61868
-2.63639
-2.65399
-2.67148
-2.68885
-2.7061
-2.72322
-2.74023
-2.75712
-2.77388
-2.79051
-2.80701
-2.82339
-2.83963
-2.85575
-2.87172
-2.88757
-2.90327
-2.91884
-2.93427
-2.94955
-2.96469
-2.97969
-2.99455
-3.00925
-3.02381
-3.03822
-3.05247
-3.06657
-3.08052
-3.09432
-3.10795
-3.12143
-3.13475
-3.14791
-3.16091
-3.17374
-3.18641
-3.19892
-3.21125
-3.22342
-3.23542
-3.24725
-3.25891
-3.27039
-3.2817
-3.29284
-3.3038
-3.31458
-3.32518
-3.33561
-3.34585
-3.35591
-3.36579
-3.37549
-3.385
-3.39432
-3.40346
-3.41241
-3.42117
-3.42974
-3.43813
-3.44632
-3.45432
-3.46212
-3.46973
-3.47715
-3.48437
-3.4914
-3.49823
-3.50486
-3.51129
-3.51752
-3.52355
-3.52939
-3.53502
-3.54044
-3.54567
-3.55069
-3.55551
-3.56013
-3.56454
-3.56874
-3.57274
-3.57653
-3.58011
-3.58349
-3.58666
-3.58962
-3.59237
-3.59491
-3.59724
-3.59936
-3.60127
-3.60297
-3.60446
-3.60574
-3.6068
-3.60766
-3.6083
-3.60873
-3.60895
-3.60895
-3.60874
-3.60832
-3.60768
-3.60683
-3.60577
-3.6045
-3.60301
-3.6013
-3.59939
-3.59726
-3.59491
-3.59236
-3.58959
-3.5866
-3.58341
-3.58
-3.57637
-3.57254
-3.56849
-3.56423
-3.55976
-3.55507
-3.55017
-3.54507
-3.53975
-3.53422
-3.52848
-3.52253
-3.51637
-3.51
-3.50342
-3.49664
-3.48964
-3.48244
-3.47503
-3.46742
-3.4596
-3.45157
-3.44334
-3.4349
-3.42627
-3.41742
-3.40838
-3.39914
-3.38969
-3.38004
-3.3702
-3.36015
-3.34991
-3.33947
-3.32883
-3.318
-3.30698
-3.29576
-3.28434
-3.27274
-3.26094
-3.24896
-3.23678
-3.22442
-3.21187
-3.19913
-3.18621
-3.17311
-3.15982
-3.14635
-3.1327
-3.11887
-3.10486
-3.09067
-3.07631
-3.06177
-3.04706
-3.03217
-3.01712
-3.00189
-2.9865
-2.97093
-2.95521
-2.93931
-2.92326
-2.90704
-2.89066
-2.87412
-2.85743
-2.84057
-2.82357
-2.80641
-2.78909
-2.77163
-2.75402
-2.73626
-2.71835
-2.7003
-2.68211
-2.66378
-2.6453
-2.62669
-2.60795
-2.58906
-2.57005
-2.5509
-2.53163
-2.51223
-2.4927
-2.47304
-2.45327
-2.43337
-2.41336
-2.39322
-2.37297
-2.35261
-2.33214
-2.31156
-2.29086
-2.27007
-2.24917
-2.22816
-2.20706
-2.18586
-2.16456
-2.14316
-2.12168
-2.1001
-2.07844
-2.05668
-2.03485
-2.01293
-1.99093
-1.96885
-1.9467
-1.92447
-1.90217
-1.8798
-1.85736
-1.83486
-1.81229
-1.78966
-1.76697
-1.74422
-1.72142
-1.69856
-1.67566
-1.6527
-1.6297
-1.60665
-1.58356
-1.56044
-1.53727
-1.51407
-1.49083
-1.46757
-1.44427
-1.42095
-1.39761
-1.37424
-1.35085
-1.32745
-1.30403
-1.2806
-1.25715
-1.2337
-1.21025
-1.18679
-1.16332
-1.13986
-1.11641
-1.09295
-1.06951
-1.04608
-1.02266
-0.99925
-0.975862
-0.952493
-0.929146
-0.905824
-0.882529
-0.859262
-0.836028
-0.812827
-0.789662
-0.766536
-0.74345
-0.720409
-0.697412
-0.674464
-0.651567
-0.628722
-0.605932
-0.5832
-0.560528
-0.537918
-0.515372
-0.492894
-0.470485
-0.448147
-0.425884
-0.403697
-0.381589
-0.359562
-0.337619
-0.315762
-0.293992
-0.272314
-0.250728
-0.229237
-0.207844
-0.186551
-0.16536
-0.144273
-0.123293
-0.102423
-0.0816637
-0.0610184
-0.040489
-0.0200781
0.000212304
0.0203798
0.0404221
0.060337
0.0801221
0.0997754
0.119294
0.138677
0.157921
0.177024
0.195984
0.214799
0.233466
0.251984
0.270349
0.288561
0.306616
0.324513
0.34225
0.359823
0.377233
0.394475
0.411548
0.42845
0.445179
0.461732
0.478109
0.494306
0.510321
0.526153
0.541799
0.557258
0.572528
0.587606
0.602491
0.61718
0.631672
0.645964
0.660056
0.673944
0.687627
0.701103
0.714371
0.727428
0.740272
0.752902
0.765317
0.777513
0.789489
0.801244
0.812776
0.824083
0.835163
0.846015
0.856637
0.867027
0.877184
0.887106
0.896791
0.906238
0.915444
0.92441
0.933132
0.94161
0.949842
0.957826
0.965562
0.973046
0.980279
0.987258
0.993983
1.00045
1.00666
1.01261
1.0183
1.02373
1.0289
1.0338
1.03844
1.04281
1.04691
1.05074
1.05431
1.0576
1.06062
1.06336
1.06583
1.06802
1.06994
1.07158
1.07293
1.07401
1.07481
1.07532
1.07556
1.0755
1.07517
1.07454
1.07363
1.07244
1.07095
1.06918
1.06711
1.06476
1.06211
1.05917
1.05594
1.05241
1.0486
1.04448
1.04007
1.03537
1.03037
1.02507
1.01947
1.01358
1.00739
1.0009
0.994105
0.987015
0.979626
0.971935
0.963945
0.955653
0.94706
0.938166
0.92897
0.919472
0.909672
0.899569
0.889165
0.878458
0.867448
0.856136
0.844521
0.832604
0.820383
0.807861
0.795036
0.781908
0.768478
0.754746
0.740712
0.726376
0.711738
0.696799
0.681559
0.666017
0.650176
0.634034
0.617592
0.60085
0.58381
0.566471
0.548833
0.530898
0.512665
0.494136
0.475311
0.456189
0.436773
0.417063
0.397058
0.376761
0.356171
0.335289
0.314116
0.292653
0.270901
0.24886
0.226531
0.203916
0.181014
0.157827
0.134356
0.110602
0.0865651
0.0622472
0.037649
0.0127716
-0.0123839
-0.0378165
-0.063525
-0.0895083
-0.115765
-0.142295
-0.169095
-0.196166
-0.223505
-0.251112
-0.278985
-0.307123
-0.335524
-0.364188
-0.393112
-0.422295
-0.451737
-0.481435
-0.511387
-0.541594
-0.572052
-0.60276
-0.633718
-0.664922
-0.696372
-0.728067
-0.760003
-0.79218
-0.824596
-0.85725
-0.890138
-0.923261
-0.956615
-0.9902
-1.02401
-1.05805
-1.09232
-1.1268
-1.16151
-1.19644
-1.23158
-1.26694
-1.30251
-1.33829
-1.37429
-1.41049
-1.44689
-1.4835
-1.5203
-1.55731
-1.59451
-1.63191
-1.6695
-1.70728
-1.74525
-1.7834
-1.82173
-1.86025
-1.89895
-1.93782
-1.97687
-2.01609
-2.05548
-2.09503
-2.13475
-2.17464
-2.21468
-2.25488
-2.29524
-2.33575
-2.37641
-2.41721
-2.45817
-2.49926
-2.5405
-2.58187
-2.62338
-2.66502
-2.7068
-2.7487
-2.79072
-2.83287
-2.87513
-2.91752
-2.96002
-3.00263
-3.04534
-3.08817
-3.1311
-3.17413
-3.21726
-3.26048
-3.3038
-3.3472
-3.3907
-3.43428
-3.47794
-3.52167
-3.56549
-3.60938
-3.65334
-3.69736
-3.74145
-3.78561
-3.82982
-3.87409
-3.91841
-3.96278
-4.0072
-4.05166
-4.09617
-4.14071
-4.18529
-4.2299
-4.27455
-4.31922
-4.36391
-4.40863
-4.45336
-4.49811
-4.54287
-4.58764
-4.63242
-4.6772
-4.72198
-4.76676
-4.81153
-4.8563
-4.90105
-4.94579
-4.99051
-5.03521
-5.07988
-5.12453
-5.16915
-5.21374
-5.25829
-5.30281
-5.34728
-5.3917
-5.43608
-5.48041
-5.52469
-5.56891
-5.61306
-5.65716
-5.70119
-5.74515
-5.78904
-5.83286
-5.87659
-5.92025
-5.96382
-6.00731
-6.05071
-6.09401
-6.13722
-6.18033
-6.22333
-6.26624
-6.30903
-6.35172
-6.39429
-6.43674
-6.47908
-6.52129
-6.56338
-6.60534
-6.64716
-6.68886
-6.73042
-6.77183
-6.81311
-6.85423
-6.89521
-6.93604
-6.97672
-7.01723
-7.05759
-7.09778
-7.13781
-7.17767
-7.21736
-7.25687
-7.29621
-7.33537
-7.37434
-7.41313
-7.45173
-7.49015
-7.52836
-7.56638
-7.60421
-7.64183
-7.67924
-7.71645
-7.75345
-7.79024
-7.82681
-7.86317
-7.8993
-7.93521
-7.9709
-8.00636
-8.04159
-8.07658
-8.11134
-8.14587
-8.18015
-8.21419
-8.24798
-8.28153
-8.31482
-8.34786
-8.38065
-8.41318
-8.44545
-8.47746
-8.5092
-8.54068
-8.57189
-8.60283
-8.63349
-8.66388
-8.69399
-8.72382
-8.75336
-8.78262
-8.8116
-8.84029
-8.86868
-8.89678
-8.92459
-8.9521
-8.97931
-9.00622
-9.03283
-9.05913
-9.08512
-9.11081
-9.13618
-9.16124
-9.18599
-9.21042
-9.23453
-9.25832
-9.28179
-9.30494
-9.32776
-9.35025
-9.37241
-9.39425
-9.41575
-9.43692
-9.45775
-9.47825
-9.49841
-9.51822
-9.5377
-9.55683
-9.57562
-9.59406
-9.61216
-9.62991
-9.64731
-9.66435
-9.68105
-9.69739
-9.71337
-9.729
-9.74427
-9.75918
-9.77373
-9.78792
-9.80175
-9.81522
-9.82832
-9.84106
-9.85343
-9.86543
-9.87707
-9.88833
-9.89923
-9.90975
-9.91991
-9.92969
-9.9391
-9.94813
-9.95679
-9.96507
-9.97298
-9.98051
-9.98766
-9.99444
-10.0008
-10.0069
-10.0125
-10.0177
-10.0226
-10.0271
-10.0312
-10.035
-10.0383
-10.0413
-10.0439
-10.0461
-10.0479
-10.0493
-10.0504
-10.051
-10.0513
-10.0512
-10.0507
-10.0499
-10.0486
-10.047
-10.045
-10.0426
-10.0398
-10.0366
-10.033
-10.0291
-10.0248
-10.0201
-10.015
-10.0095
-10.0037
-9.99742
-9.9908
-9.98381
-9.97643
-9.96867
-9.96053
-9.95201
-9.94312
-9.93384
-9.92419
-9.91417
-9.90376
-9.89298
-9.88183
-9.8703
-9.8584
-9.84613
-9.83349
-9.82047
-9.80709
-9.79333
-9.77921
-9.76473
-9.74987
-9.73465
-9.71907
-9.70313
-9.68682
-9.67015
-9.65313
-9.63574
-9.618
-9.5999
-9.58145
-9.56265
-9.54349
-9.52399
-9.50413
-9.48393
-9.46338
-9.44248
-9.42124
-9.39967
-9.37775
-9.35549
-9.33289
-9.30996
-9.2867
-9.2631
-9.23917
-9.21492
-9.19033
-9.16543
-9.14019
-9.11464
-9.08877
-9.06258
-9.03607
-9.00925
-8.98211
-8.95467
-8.92692
-8.89886
-8.87049
-8.84183
-8.81286
-8.7836
-8.75404
-8.72419
-8.69404
-8.66361
-8.63289
-8.60188
-8.57059
-8.53902
-8.50717
-8.47505
-8.44265
-8.40998
-8.37704
-8.34384
-8.31037
-8.27664
-8.24266
-8.20841
-8.17391
-8.13916
-8.10416
-8.06892
-8.03343
-7.9977
-7.96173
-7.92552
-7.88909
-7.85242
-7.81552
-7.7784
-7.74106
-7.70349
-7.66571
-7.62772
-7.58951
-7.55109
-7.51247
-7.47365
-7.43463
-7.39541
-7.35599
-7.31639
-7.27659
-7.23661
-7.19645
-7.15611
-7.11559
-7.0749
-7.03404
-6.99301
-6.95181
-6.91046
-6.86895
-6.82728
-6.78546
-6.74349
-6.70137
-6.65911
-6.61672
-6.57418
-6.53151
-6.48872
-6.44579
-6.40274
-6.35957
-6.31629
-6.27289
-6.22938
-6.18576
-6.14204
-6.09821
-6.05429
-6.01028
-5.96617
-5.92197
-5.87769
-5.83333
-5.78889
-5.74438
-5.6998
-5.65514
-5.61043
-5.56565
-5.52081
-5.47592
-5.43098
-5.38599
-5.34095
-5.29588
-5.25077
-5.20562
-5.16044
-5.11523
-5.07
-5.02475
-4.97949
-4.9342
-4.88891
-4.84361
-4.79831
-4.75301
-4.70771
-4.66241
-4.61713
-4.57186
-4.52661
-4.48137
-4.43616
-4.39098
-4.34583
-4.30071
-4.25563
-4.21059
-4.1656
-4.12065
-4.07575
-4.03091
-3.98612
-3.9414
-3.89674
-3.85215
-3.80763
-3.76318
-3.71881
-3.67453
-3.63032
-3.58621
-3.54219
-3.49826
-3.45443
-3.4107
-3.36708
-3.32356
-3.28016
-3.23687
-3.1937
-3.15065
-3.10772
-3.06492
-3.02225
-2.97972
-2.93733
-2.89507
-2.85296
-2.811
-2.76918
-2.72752
-2.68602
-2.64467
-2.60349
-2.56248
-2.52164
-2.48096
-2.44047
-2.40015
-2.36001
-2.32006
-2.28029
-2.24072
-2.20134
-2.16216
-2.12317
-2.08439
-2.04582
-2.00745
-1.9693
-1.93136
-1.89364
-1.85614
-1.81886
-1.78181
-1.74499
-1.7084
-1.67204
-1.63592
-1.60004
-1.56441
-1.52902
-1.49388
-1.45899
-1.42435
-1.38997
-1.35585
-1.32199
-1.28839
-1.25507
-1.22201
-1.18922
-1.15671
-1.12448
-1.09252
-1.06085
-1.02946
-0.998357
-0.967544
-0.937023
-0.906797
-0.876866
-0.847235
-0.817904
-0.788877
-0.760155
-0.731741
-0.703636
-0.675844
-0.648366
-0.621205
-0.594362
-0.567839
-0.541639
-0.515764
-0.490216
-0.464996
-0.440106
-0.41555
-0.391327
-0.367442
-0.343894
-0.320686
-0.29782
-0.275298
-0.253121
-0.231291
-0.209811
-0.18868
-0.167902
-0.147477
-0.127408
-0.107696
-0.0883422
-0.0693484
-0.0507161
-0.0324468
-0.0145419
0.00299729
0.0201693
0.0369728
0.0534064
0.069469
0.0851591
0.100476
0.115417
0.129983
0.144171
0.157982
0.171413
0.184463
0.197132
0.209418
0.221321
0.23284
0.243973
0.25472
0.26508
0.275052
0.284635
0.293829
0.302632
0.311045
0.319066
0.326695
0.333931
0.340773
0.347222
0.353276
0.358934
0.364198
0.369065
0.373536
0.37761
0.381287
0.384567
0.387449
0.389933
0.392019
0.393707
0.394996
0.395887
0.396378
0.396471
0.396165
0.39546
0.394357
0.392854
0.390953
0.388653
0.385955
0.382859
0.379364
0.375472
0.371182
0.366495
0.361411
0.355931
0.350054
0.343782
0.337115
0.330052
0.322596
0.314745
0.306502
0.297866
0.288838
0.279419
0.26961
0.259411
0.248822
0.237846
0.226482
0.214732
0.202596
0.190075
0.177171
0.163883
0.150214
0.136164
0.121734
0.106926
0.0917405
0.0761784
0.0602412
0.0439301
0.0272462
0.010191
-0.00723438
-0.0250285
-0.0431901
-0.0617177
-0.08061
-0.0998654
-0.119483
-0.13946
-0.159796
-0.180489
-0.201537
-0.22294
-0.244695
-0.2668
-0.289254
-0.312055
-0.335202
-0.358692
-0.382525
-0.406697
-0.431207
-0.456053
-0.481234
-0.506747
-0.53259
-0.558761
-0.585259
-0.612082
-0.639226
-0.666691
-0.694473
-0.722571
-0.750983
-0.779707
-0.808739
-0.838079
-0.867723
-0.89767
-0.927916
-0.95846
-0.9893
-1.02043
-1.05186
-1.08357
-1.11556
-1.14784
-1.1804
-1.21324
-1.24635
-1.27974
-1.3134
-1.34732
-1.38151
-1.41596
-1.45067
-1.48564
-1.52086
-1.55634
-1.59206
-1.62803
-1.66424
-1.70069
-1.73737
-1.7743
-1.81145
-1.84883
-1.88644
-1.92427
-1.96232
-2.00059
-2.03907
-2.07776
-2.11666
-2.15577
-2.19507
-2.23458
-2.27428
-2.31417
-2.35425
-2.39451
-2.43496
-2.47559
-2.51639
-2.55737
-2.59852
-2.63983
-2.68131
-2.72295
-2.76474
-2.80669
-2.84878
-2.89103
-2.93341
-2.97594
-3.0186
-3.0614
-3.10433
-3.14738
-3.19056
-3.23385
-3.27726
-3.32079
-3.36442
-3.40816
-3.452
-3.49594
-3.53997
-3.5841
-3.62832
-3.67262
-3.717
-3.76145
-3.80599
-3.85059
-3.89526
-3.93999
-3.98478
-4.02963
-4.07453
-4.11948
-4.16448
-4.20952
-4.25459
-4.2997
-4.34484
-4.39001
-4.4352
-4.48041
-4.52564
-4.57087
-4.61612
-4.66138
-4.70663
-4.75189
-4.79713
-4.84237
-4.8876
-4.93281
-4.97799
-5.02316
-5.0683
-5.1134
-5.15847
-5.2035
-5.24849
-5.29344
-5.33833
-5.38317
-5.42795
-5.47268
-5.51734
-5.56193
-5.60645
-5.65089
-5.69526
-5.73954
-5.78374
-5.82785
-5.87186
-5.91578
-5.95959
-6.00331
-6.04691
-6.0904
-6.13378
-6.17704
-6.22018
-6.26319
-6.30608
-6.34883
-6.39144
-6.43392
-6.47625
-6.51843
-6.56047
-6.60235
-6.64407
-6.68564
-6.72703
-6.76826
-6.80932
-6.85021
-6.89092
-6.93144
-6.97178
-7.01193
-7.0519
-7.09166
-7.13123
-7.1706
-7.20976
-7.24871
-7.28745
-7.32598
-7.36429
-7.40238
-7.44024
-7.47788
-7.51528
-7.55245
-7.58938
-7.62608
-7.66253
-7.69873
-7.73468
-7.77038
-7.80582
-7.84101
-7.87593
-7.91059
-7.94498
-7.9791
-8.01294
-8.04651
-8.0798
-8.1128
-8.14552
-8.17795
-8.21009
-8.24193
-8.27348
-8.30473
-8.33567
-8.36631
-8.39664
-8.42666
-8.45637
-8.48576
-8.51483
-8.54358
-8.57201
-8.60011
-8.62788
-8.65532
-8.68243
-8.7092
-8.73563
-8.76172
-8.78746
-8.81286
-8.83791
-8.86261
-8.88696
-8.91095
-8.93458
-8.95785
-8.98076
-9.00331
-9.02549
-9.0473
-9.06874
-9.08981
-9.1105
-9.13082
-9.15076
-9.17031
-9.18949
-9.20828
-9.22668
-9.24469
-9.26232
-9.27955
-9.29639
-9.31283
-9.32888
-9.34452
-9.35977
-9.37461
-9.38906
-9.40309
-9.41672
-9.42994
-9.44275
-9.45514
-9.46713
-9.4787
-9.48986
-9.50059
-9.51092
-9.52082
-9.5303
-9.53935
-9.54799
-9.5562
-9.56399
-9.57135
-9.57828
-9.58478
-9.59085
-9.5965
-9.60171
-9.60649
-9.61083
-9.61474
-9.61822
-9.62126
-9.62387
-9.62603
-9.62776
-9.62905
-9.62991
-9.63032
-9.63029
-9.62982
-9.62891
-9.62756
-9.62576
-9.62353
-9.62085
-9.61772
-9.61416
-9.61015
-9.60569
-9.60079
-9.59545
-9.58966
-9.58343
-9.57675
-9.56963
-9.56206
-9.55405
-9.54559
-9.53669
-9.52735
-9.51755
-9.50732
-9.49664
-9.48552
-9.47395
-9.46194
-9.44949
-9.4366
-9.42326
-9.40948
-9.39526
-9.3806
-9.3655
-9.34996
-9.33398
-9.31756
-9.30071
-9.28342
-9.26569
-9.24753
-9.22893
-9.20989
-9.19043
-9.17053
-9.1502
-9.12945
-9.10826
-9.08664
-9.0646
-9.04213
-9.01923
-8.99592
-8.97218
-8.94801
-8.92343
-8.89843
-8.87301
-8.84717
-8.82092
-8.79426
-8.76718
-8.73969
-8.71179
-8.68349
-8.65478
-8.62566
-8.59614
-8.56622
-8.5359
-8.50518
-8.47407
-8.44256
-8.41065
-8.37836
-8.34568
-8.3126
-8.27915
-8.24531
-8.21108
-8.17648
-8.1415
-8.10615
-8.07042
-8.03431
-7.99784
-7.961
-7.9238
-7.88623
-7.8483
-7.81002
-7.77137
-7.73238
-7.69303
-7.65333
-7.61328
-7.57289
-7.53216
-7.49109
-7.44968
-7.40793
-7.36585
-7.32345
-7.28071
-7.23765
-7.19427
-7.15057
-7.10655
-7.06222
-7.01757
-6.97262
-6.92736
-6.8818
-6.83594
-6.78978
-6.74332
-6.69658
-6.64954
-6.60222
-6.55461
-6.50673
-6.45857
-6.41013
-6.36142
-6.31244
-6.2632
-6.21369
-6.16393
-6.11391
-6.06364
-6.01312
-5.96235
-5.91133
-5.86008
-5.80859
-5.75686
-5.70491
-5.65273
-5.60032
-5.54769
-5.49485
-5.44179
-5.38852
-5.33504
-5.28136
-5.22748
-5.1734
-5.11912
-5.06466
-5.01
-4.95517
-4.90015
-4.84496
-4.78959
-4.73406
-4.67836
-4.62249
-4.56647
-4.51029
-4.45395
-4.39747
-4.34085
-4.28408
-4.22718
-4.17014
-4.11297
-4.05567
-3.99825
-3.94071
-3.88306
-3.82529
-3.76741
-3.70943
-3.65135
-3.59317
-3.5349
-3.47653
-3.41808
-3.35955
-3.30093
-3.24225
-3.18349
-3.12466
-3.06577
-3.00682
-2.94781
-2.88875
-2.82964
-2.77048
-2.71128
-2.65205
-2.59278
-2.53348
-2.47415
-2.4148
-2.35543
-2.29605
-2.23666
-2.17725
-2.11785
-2.05844
-1.99904
-1.93964
-1.88026
-1.82089
-1.76154
-1.70221
-1.64291
-1.58364
-1.5244
-1.46521
-1.40605
-1.34693
-1.28787
-1.22886
-1.1699
-1.11101
-1.05217
-0.993411
-0.934718
-0.8761
-0.817561
-0.759104
-0.700733
-0.642452
-0.584264
-0.526173
-0.468183
-0.410298
-0.35252
-0.294854
-0.237304
-0.179872
-0.122563
-0.0653802
-0.00832705
0.0485928
0.105376
0.162018
0.218517
0.274868
0.331068
0.387113
0.443001
0.498726
0.554287
0.609679
0.664899
0.719944
0.77481
0.829494
0.883992
0.938301
0.992418
1.04634
1.10006
1.15358
1.20689
1.26
1.31289
1.36557
1.41803
1.47026
1.52227
1.57406
1.62561
1.67693
1.728
1.77884
1.82943
1.87978
1.92988
1.97972
2.02931
2.07863
2.1277
2.1765
2.22503
2.27329
2.32128
2.36899
2.41642
2.46356
2.51042
2.557
2.60328
2.64927
2.69496
2.74035
2.78545
2.83023
2.87471
2.91888
2.96274
3.00628
3.0495
3.09241
3.13499
3.17725
3.21918
3.26078
3.30205
3.34298
3.38357
3.42383
3.46375
3.50332
3.54254
3.58142
3.61994
3.65812
3.69594
3.7334
3.7705
3.80724
3.84362
3.87963
3.91528
3.95055
3.98546
4.01999
4.05415
4.08793
4.12134
4.15436
4.187
4.21926
4.25113
4.28262
4.31371
4.34442
4.37473
4.40465
4.43418
4.46331
4.49204
4.52038
4.54831
4.57584
4.60297
4.62969
4.656
4.68191
4.70741
4.73251
4.75719
4.78145
4.80531
4.82875
4.85178
4.87439
4.89658
4.91836
4.93971
4.96065
4.98117
5.00126
5.02093
5.04018
5.05901
5.07741
5.09539
5.11294
5.13006
5.14676
5.16303
5.17888
5.19429
5.20928
5.22384
5.23796
5.25166
5.26493
5.27777
5.29017
5.30215
5.3137
5.32481
5.33549
5.34574
5.35556
5.36495
5.37391
5.38244
5.39053
5.3982
5.40543
5.41223
5.4186
5.42454
5.43005
5.43514
5.43979
5.44401
5.44781
5.45117
5.45411
5.45662
5.45871
5.46036
5.4616
5.46241
5.46279
5.46275
5.46229
5.4614
5.46009
5.45837
5.45622
5.45366
5.45067
5.44727
5.44345
5.43922
5.43458
5.42952
5.42405
5.41817
5.41188
5.40518
5.39807
5.39056
5.38264
5.37432
5.3656
5.35647
5.34695
5.33703
5.32671
5.316
5.3049
5.2934
5.28151
5.26923
5.25657
5.24352
5.23009
5.21627
5.20207
5.1875
5.17255
5.15722
5.14152
5.12545
5.10901
5.0922
5.07502
5.05748
5.03958
5.02132
5.00271
4.98373
4.96441
4.94473
4.9247
4.90433
4.88361
4.86255
4.84115
4.81941
4.79734
4.77493
4.75219
4.72912
4.70573
4.68201
4.65797
4.63361
4.60894
4.58395
4.55865
4.53304
4.50713
4.48091
4.45439
4.42757
4.40046
4.37305
4.34535
4.31737
4.2891
4.26055
4.23172
4.20262
4.17324
4.14358
4.11367
4.08348
4.05304
4.02233
3.99137
3.96016
3.92869
3.89698
3.86503
3.83283
3.8004
3.76773
3.73482
3.70169
3.66834
3.63476
3.60096
3.56694
3.53271
3.49828
3.46363
3.42878
3.39373
3.35849
3.32305
3.28742
3.2516
3.2156
3.17941
3.14305
3.10652
3.06981
3.03294
2.99591
2.95871
2.92136
2.88385
2.84619
2.80839
2.77044
2.73235
2.69413
2.65577
2.61728
2.57867
2.53993
2.50108
2.4621
2.42302
2.38383
2.34453
2.30513
2.26563
2.22604
2.18636
2.14659
2.10673
2.0668
2.02678
1.9867
1.94654
1.90632
1.86604
1.82569
1.78529
1.74484
1.70434
1.6638
1.62322
1.58259
1.54194
1.50125
1.46054
1.4198
1.37905
1.33828
1.29749
1.2567
1.2159
1.1751
1.1343
1.09351
1.05273
1.01196
0.971207
0.930474
0.889764
0.849081
0.808429
0.767811
0.72723
0.686691
0.646197
0.605752
0.565358
0.52502
0.484741
0.444524
0.404374
0.364293
0.324285
0.284354
0.244503
0.204735
0.165054
0.125464
0.0859678
0.0465689
0.00727088
-0.0319229
-0.0710091
-0.109984
-0.148845
-0.187588
-0.226209
-0.264706
-0.303075
-0.341313
-0.379416
-0.417381
-0.455205
-0.492884
-0.530415
-0.567795
-0.605021
-0.64209
-0.678997
-0.71574
-0.752316
-0.788722
-0.824954
-0.861009
-0.896884
-0.932577
-0.968083
-1.0034
-1.03852
-1.07345
-1.10818
-1.14271
-1.17704
-1.21115
-1.24506
-1.27875
-1.31223
-1.34548
-1.37852
-1.41133
-1.44391
-1.47626
-1.50838
-1.54026
-1.5719
-1.6033
-1.63445
-1.66536
-1.69601
-1.72642
-1.75656
-1.78645
-1.81608
-1.84544
-1.87454
-1.90337
-1.93193
-1.96021
-1.98822
-2.01595
-2.04339
-2.07056
-2.09743
-2.12402
-2.15032
-2.17632
-2.20203
-2.22744
-2.25255
-2.27736
-2.30186
-2.32606
-2.34995
-2.37352
-2.39679
-2.41973
-2.44236
-2.46467
-2.48666
-2.50833
-2.52967
-2.55068
-2.57136
-2.59171
-2.61173
-2.63141
-2.65076
-2.66976
-2.68843
-2.70676
-2.72474
-2.74237
-2.75966
-2.7766
-2.79319
-2.80942
-2.8253
-2.84083
-2.856
-2.87081
-2.88527
-2.89936
-2.91309
-2.92646
-2.93946
-2.95209
-2.96436
-2.97626
-2.98779
-2.99894
-3.00973
-3.02014
-3.03018
-3.03984
-3.04912
-3.05803
-3.06656
-3.07471
-3.08248
-3.08986
-3.09687
-3.10349
-3.10973
-3.11558
-3.12105
-3.12613
-3.13083
-3.13514
-3.13906
-3.14259
-3.14573
-3.14849
-3.15085
-3.15282
-3.1544
-3.15559
-3.15639
-3.15679
-3.15681
-3.15643
-3.15566
-3.15449
-3.15293
-3.15098
-3.14863
-3.14589
-3.14276
-3.13923
-3.13531
-3.13099
-3.12628
-3.12118
-3.11568
-3.10979
-3.1035
-3.09682
-3.08975
-3.08229
-3.07443
-3.06619
-3.05755
-3.04852
-3.03909
-3.02928
-3.01908
-3.00849
-2.99751
-2.98614
-2.97438
-2.96223
-2.9497
-2.93678
-2.92348
-2.9098
-2.89572
-2.88127
-2.86644
-2.85122
-2.83562
-2.81964
-2.80329
-2.78656
-2.76945
-2.75196
-2.7341
-2.71587
-2.69726
-2.67829
-2.65894
-2.63923
-2.61914
-2.59869
-2.57788
-2.5567
-2.53516
-2.51326
-2.491
-2.46838
-2.4454
-2.42207
-2.39839
-2.37435
-2.34996
-2.32522
-2.30014
-2.27471
-2.24893
-2.22281
-2.19635
-2.16955
-2.14242
-2.11495
-2.08714
-2.059
-2.03053
-2.00174
-1.97262
-1.94317
-1.9134
-1.88331
-1.8529
-1.82217
-1.79113
-1.75978
-1.72812
-1.69615
-1.66387
-1.63129
-1.5984
-1.56522
-1.53174
-1.49797
-1.4639
-1.42954
-1.39489
-1.35996
-1.32474
-1.28925
-1.25347
-1.21742
-1.18109
-1.14449
-1.10763
-1.07049
-1.0331
-0.995437
-0.957519
-0.919345
-0.880917
-0.842239
-0.803311
-0.764138
-0.724722
-0.685065
-0.645171
-0.605041
-0.56468
-0.524088
-0.48327
-0.442227
-0.400964
-0.359482
-0.317784
-0.275874
-0.233754
-0.191427
-0.148895
-0.106163
-0.0632317
-0.0201055
0.0232132
0.0667213
0.110416
0.154294
0.198353
0.242589
0.286999
0.331581
0.376332
0.421247
0.466325
0.511563
0.556956
0.602502
0.648198
0.694041
0.740027
0.786154
0.832418
0.878816
0.925345
0.972002
1.01878
1.06569
1.11271
1.15984
1.20709
1.25445
1.30191
1.34947
1.39714
1.44489
1.49274
1.54068
1.58871
1.63682
1.685
1.73327
1.7816
1.83001
1.87848
1.92701
1.9756
2.02425
2.07295
2.1217
2.1705
2.21934
2.26822
2.31714
2.36609
2.41506
2.46407
2.51309
2.56214
2.6112
2.66028
2.70937
2.75846
2.80755
2.85665
2.90574
2.95482
3.00389
3.05295
3.10199
3.15101
3.20001
3.24898
3.29792
3.34683
3.3957
3.44453
3.49332
3.54206
3.59075
3.63939
3.68797
3.73649
3.78494
3.83333
3.88166
3.9299
3.97808
4.02617
4.07418
4.12211
4.16994
4.21769
4.26533
4.31289
4.36033
4.40768
4.45491
4.50204
4.54905
4.59594
4.64272
4.68937
4.73589
4.78228
4.82854
4.87467
4.92065
4.9665
5.01219
5.05774
5.10314
5.14839
5.19348
5.23841
5.28318
5.32778
5.37221
5.41647
5.46055
5.50446
5.54819
5.59174
5.6351
5.67827
5.72125
5.76403
5.80662
5.84901
5.8912
5.93318
5.97495
6.01651
6.05786
6.09899
6.13991
6.1806
6.22107
6.26131
6.30133
6.34111
6.38066
6.41997
6.45904
6.49787
6.53646
6.5748
6.61289
6.65073
6.68832
6.72565
6.76272
6.79954
6.83609
6.87237
6.90839
6.94414
6.97961
7.01481
7.04974
7.08439
7.11875
7.15284
7.18664
7.22015
7.25337
7.28631
7.31895
7.35129
7.38334
7.41509
7.44654
7.47769
7.50854
7.53907
7.56931
7.59923
7.62883
7.65813
7.68711
7.71578
7.74412
7.77215
7.79986
7.82724
7.8543
7.88103
7.90743
7.93351
7.95926
7.98467
8.00975
8.03449
8.0589
8.08297
8.10671
8.1301
8.15315
8.17586
8.19823
8.22025
8.24192
8.26325
8.28423
8.30486
8.32514
8.34506
8.36464
8.38386
8.40273
8.42124
8.4394
8.4572
8.47464
8.49173
8.50845
8.52481
8.54082
8.55646
8.57174
8.58665
8.60121
8.61539
8.62922
8.64268
8.65577
8.6685
8.68086
8.69285
8.70448
8.71574
8.72663
8.73715
8.7473
8.75708
8.7665
8.77554
8.78422
8.79253
8.80046
8.80803
8.81522
8.82205
8.8285
8.83459
8.8403
8.84565
8.85062
8.85523
8.85946
8.86333
8.86682
8.86995
8.87271
8.8751
8.87712
8.87877
8.88006
8.88098
8.88153
8.88171
8.88153
8.88099
8.88008
8.8788
8.87716
8.87516
8.8728
8.87007
8.86698
8.86353
8.85973
8.85556
8.85103
8.84615
8.84091
8.83532
8.82937
8.82306
8.8164
8.80939
8.80203
8.79432
8.78626
8.77785
8.7691
8.76
8.75055
8.74076
8.73063
8.72016
8.70935
8.69819
8.6867
8.67488
8.66272
8.65023
8.6374
8.62424
8.61076
8.59694
8.5828
8.56834
8.55355
8.53844
8.523
8.50725
8.49119
8.4748
8.4581
8.44109
8.42377
8.40614
8.38821
8.36996
8.35142
8.33257
8.31342
8.29397
8.27423
8.25419
8.23386
8.21323
8.19232
8.17112
8.14964
8.12787
8.10582
8.0835
8.06089
8.03801
8.01486
7.99143
7.96774
7.94378
7.91955
7.89507
7.87032
7.84531
7.82005
7.79454
7.76877
7.74276
7.71649
7.68998
7.66323
7.63624
7.60902
7.58155
7.55386
7.52593
7.49777
7.46939
7.44079
7.41196
7.38291
7.35365
7.32418
7.29449
7.2646
7.2345
7.20419
7.17368
7.14298
7.11208
7.08098
7.0497
7.01822
6.98656
6.95472
6.92269
6.89049
6.85811
6.82556
6.79284
6.75995
6.7269
6.69369
6.66031
6.62678
6.5931
6.55926
6.52527
6.49114
6.45687
6.42245
6.3879
6.35322
6.3184
6.28345
6.24837
6.21317
6.17785
6.14241
6.10686
6.07119
6.03542
5.99953
5.96355
5.92746
5.89127
5.85498
5.81861
5.78214
5.74559
5.70895
5.67223
5.63543
5.59855
5.5616
5.52458
5.4875
5.45035
5.41313
5.37586
5.33853
5.30115
5.26372
5.22624
5.18871
5.15115
5.11354
5.0759
5.03823
5.00052
4.96279
4.92503
4.88725
4.84945
4.81163
4.7738
4.73596
4.69811
4.66026
4.6224
4.58455
4.54669
4.50885
4.47101
4.43318
4.39537
4.35757
4.3198
4.28204
4.24432
4.20662
4.16895
4.13131
4.09372
4.05616
4.01864
3.98116
3.94374
3.90636
3.86904
3.83177
3.79456
3.7574
3.72032
3.68329
3.64634
3.60946
3.57265
3.53592
3.49926
3.46269
3.4262
3.3898
3.35348
3.31726
3.28113
3.2451
3.20917
3.17334
3.13761
3.10199
3.06648
3.03107
2.99579
2.96062
2.92556
2.89063
2.85583
2.82114
2.78659
2.75216
2.71787
2.68372
2.6497
2.61582
2.58208
2.54848
2.51503
2.48173
2.44859
2.41559
2.38275
2.35006
2.31754
2.28517
2.25297
2.22094
2.18907
2.15737
2.12584
2.09449
2.06331
2.03231
2.00149
1.97085
1.9404
1.91013
1.88004
1.85015
1.82045
1.79094
1.76162
1.7325
1.70358
1.67486
1.64634
1.61802
1.58991
1.56201
1.53431
1.50682
1.47955
1.45249
1.42564
1.39901
1.3726
1.3464
1.32043
1.29468
1.26915
1.24385
1.21878
1.19393
1.16932
1.14493
1.12078
1.09686
1.07317
1.04972
1.02651
1.00354
0.980803
0.95831
0.936059
0.914051
0.892288
0.87077
0.849498
0.828474
0.807699
0.787173
0.766897
0.746873
0.727102
0.707584
0.68832
0.669311
0.650559
0.632063
0.613825
0.595845
0.578124
0.560663
0.543463
0.526524
0.509847
0.493433
0.477282
0.461395
0.445772
0.430414
0.415322
0.400496
0.385936
0.371643
0.357618
0.343861
0.330371
0.317151
0.304199
0.291517
0.279104
0.266961
0.255088
0.243486
0.232154
0.221093
0.210303
0.199784
0.189536
0.17956
0.169855
0.160421
0.151259
0.142368
0.133749
0.125401
0.117324
0.109519
0.101985
0.094722
0.0877299
0.0810085
0.0745577
0.0683771
0.0624667
0.056826
0.0514549
0.0463531
0.0415201
0.0369557
0.0326594
0.028631
0.0248699
0.0213758
0.0181481
0.0151865
0.0124903
0.0100592
0.00789242
0.00598957
0.00434999
0.0029731
0.00185826
0.00100481
0.0004121
7.94286e-05
6.08577e-06
0.00019134
0.000634438
0.00133461
0.00229105
0.00350296
0.00496951
0.00668982
0.00866304
0.0108883
0.0133646
0.0160911
0.0190668
0.0222907
0.0257619
0.0294793
0.0334419
0.0376487
0.0420986
0.0467905
0.0517232
0.0568958
0.062307
0.0679556
0.0738406
0.0799607
0.0863146
0.0929012
0.0997192
0.106767
0.114044
0.121549
0.12928
0.137235
0.145415
0.153816
0.162438
0.17128
0.180339
0.189615
0.199106
0.208811
0.218728
0.228856
0.239192
0.249736
0.260487
0.271442
0.282599
0.293958
0.305517
0.317274
0.329227
0.341375
0.353717
0.36625
0.378972
0.391883
0.40498
0.418262
0.431727
0.445373
0.459199
0.473202
0.487381
0.501734
0.516259
0.530955
0.545819
0.56085
0.576046
0.591405
0.606925
0.622604
0.638441
0.654433
0.670578
0.686876
0.703322
0.719917
0.736657
0.753541
0.770567
0.787732
0.805036
0.822475
0.840048
0.857752
0.875587
0.893549
0.911637
0.929848
0.948181
0.966633
0.985203
1.00389
1.02269
1.0416
1.06061
1.07974
1.09897
1.1183
1.13774
1.15727
1.1769
1.19662
1.21644
1.23634
1.25633
1.27641
1.29657
1.31682
1.33714
1.35754
1.37801
1.39856
1.41917
1.43986
1.46061
1.48143
1.5023
1.52324
1.54423
1.56528
1.58639
1.60754
1.62874
1.64999
1.67128
1.69262
1.71399
1.7354
1.75685
1.77833
1.79984
1.82138
1.84295
1.86454
1.88616
1.90779
1.92945
1.95111
1.9728
1.99449
2.01619
2.0379
2.05962
2.08134
2.10306
2.12477
2.14649
2.16819
2.18989
2.21158
2.23326
2.25493
2.27657
2.2982
2.31981
2.34139
2.36295
2.38449
2.40599
2.42746
2.4489
2.47031
2.49167
2.513
2.53429
2.55553
2.57673
2.59788
2.61898
2.64003
2.66102
2.68196
2.70284
2.72366
2.74443
2.76512
2.78575
2.80632
2.82681
2.84724
2.86759
2.88786
2.90806
2.92818
2.94822
2.96818
2.98805
3.00783
3.02753
3.04714
3.06665
3.08608
3.1054
3.12463
3.14376
3.16279
3.18172
3.20054
3.21926
3.23787
3.25637
3.27476
3.29304
3.31121
3.32925
3.34718
3.36499
3.38268
3.40025
3.4177
3.43501
3.45221
3.46927
3.4862
3.503
3.51967
3.53621
3.55261
3.56887
3.58499
3.60097
3.61681
3.63251
3.64806
3.66347
3.67873
3.69384
3.7088
3.72361
3.73827
3.75278
3.76713
3.78132
3.79536
3.80924
3.82296
3.83652
3.84991
3.86315
3.87622
3.88912
3.90186
3.91443
3.92683
3.93906
3.95112
3.96302
3.97473
3.98628
3.99765
4.00884
4.01986
4.03071
4.04137
4.05185
4.06216
4.07229
4.08223
4.09199
4.10157
4.11097
4.12018
4.1292
4.13804
4.1467
4.15517
4.16345
4.17154
4.17944
4.18715
4.19468
4.20201
4.20915
4.2161
4.22286
4.22942
4.23579
4.24197
4.24796
4.25375
4.25934
4.26474
4.26995
4.27496
4.27977
4.28439
4.28881
4.29303
4.29706
4.30089
4.30452
4.30795
4.31119
4.31423
4.31707
4.31971
4.32215
4.3244
4.32644
4.32829
4.32994
4.33139
4.33265
4.3337
4.33456
4.33521
4.33567
4.33593
4.336
4.33586
4.33553
4.335
4.33428
4.33335
4.33223
4.33092
4.3294
4.32769
4.32579
4.32369
4.32139
4.3189
4.31622
4.31334
4.31027
4.30701
4.30355
4.2999
4.29606
4.29203
4.2878
4.28339
4.27879
4.274
4.26902
4.26385
4.2585
4.25296
4.24723
4.24132
4.23522
4.22894
4.22248
4.21583
4.209
4.202
4.19481
4.18744
4.17989
4.17217
4.16427
4.15619
4.14793
4.13951
4.13091
4.12213
4.11319
4.10407
4.09479
4.08533
4.07571
4.06592
4.05597
4.04585
4.03557
4.02512
4.01452
4.00375
3.99282
3.98173
3.97049
3.95909
3.94754
3.93583
3.92397
3.91196
3.8998
3.88748
3.87503
3.86242
3.84967
3.83677
3.82373
3.81055
3.79723
3.78377
3.77017
3.75644
3.74257
3.72857
3.71443
3.70016
3.68576
3.67124
3.65659
3.64181
3.62691
3.61188
3.59673
3.58147
3.56608
3.55058
3.53496
3.51923
3.50338
3.48742
3.47136
3.45518
3.4389
3.42251
3.40602
3.38943
3.37273
3.35594
3.33905
3.32206
3.30498
3.2878
3.27054
3.25318
3.23573
3.2182
3.20058
3.18288
3.1651
3.14724
3.1293
3.11128
3.09318
3.07501
3.05677
3.03846
3.02008
3.00163
2.98312
2.96454
2.9459
2.9272
2.90843
2.88961
2.87074
2.85181
2.83283
2.8138
2.79471
2.77558
2.75641
2.73719
2.71792
2.69862
2.67927
2.65989
2.64047
2.62102
2.60154
2.58202
2.56248
2.5429
2.5233
2.50368
2.48403
2.46436
2.44468
2.42497
2.40525
2.38551
2.36577
2.34601
2.32624
2.30646
2.28667
2.26688
2.24709
2.2273
2.20751
2.18772
2.16793
2.14814
2.12837
2.1086
2.08884
2.06909
2.04936
2.02964
2.00994
1.99025
1.97059
1.95094
1.93132
1.91172
1.89215
1.8726
1.85309
1.8336
1.81414
1.79472
1.77533
1.75598
1.73667
1.7174
1.69816
1.67897
1.65982
1.64072
1.62166
1.60266
1.5837
1.56479
1.54593
1.52713
1.50838
1.48969
1.47106
1.45249
1.43397
1.41552
1.39713
1.37881
1.36055
1.34236
1.32424
1.30619
1.2882
1.2703
1.25246
1.2347
1.21702
1.19941
1.18188
1.16443
1.14706
1.12978
1.11257
1.09546
1.07842
1.06148
1.04462
1.02785
1.01117
0.994584
0.978089
0.961686
0.945378
0.929165
0.913049
0.89703
0.88111
0.865288
0.849567
0.833948
0.818431
0.803016
0.787706
0.772501
0.757402
0.74241
0.727525
0.712748
0.698081
0.683524
0.669078
0.654744
0.640522
0.626414
0.612419
0.598539
0.584775
0.571127
0.557595
0.544181
0.530886
0.517709
0.504652
0.491714
0.478898
0.466202
0.453629
0.441178
0.42885
0.416645
0.404564
0.392608
0.380776
0.36907
0.35749
0.346036
0.334709
0.323509
0.312436
0.301491
0.290674
0.279986
0.269427
0.258997
0.248696
0.238525
0.228484
0.218573
0.208792
0.199142
0.189623
0.180235
0.170979
0.161853
0.152859
0.143996
0.135266
0.126667
0.118199
0.109864
0.10166
0.0935886
0.0856489
0.077841
0.0701651
0.0626209
0.0552085
0.0479278
0.0407787
0.033761
0.0268747
0.0201196
0.0134956
0.00700246
0.000640007
-0.00559196
-0.0116937
-0.0176653
-0.0235072
-0.0292196
-0.0348027
-0.0402569
-0.0455825
-0.0507798
-0.0558491
-0.0607908
-0.0656054
-0.0702931
-0.0748543
-0.0792896
-0.0835993
-0.0877839
-0.0918439
-0.0957797
-0.0995918
-0.103281
-0.106847
-0.110291
-0.113614
-0.116816
-0.119897
-0.122858
-0.125701
-0.128424
-0.13103
-0.133519
-0.135891
-0.138147
-0.140287
-0.142314
-0.144226
-0.146026
-0.147713
-0.149289
-0.150753
-0.152108
-0.153354
-0.154492
-0.155521
-0.156445
-0.157262
-0.157975
-0.158583
-0.159088
-0.159491
-0.159793
-0.159994
-0.160096
-0.160099
-0.160004
-0.159813
-0.159527
-0.159146
-0.158671
-0.158104
-0.157445
-0.156696
-0.155857
-0.15493
-0.153916
-0.152815
-0.15163
-0.15036
-0.149008
-0.147574
-0.146059
-0.144465
-0.142793
-0.141043
-0.139218
-0.137317
-0.135344
-0.133298
-0.131181
-0.128994
-0.126738
-0.124415
-0.122025
-0.119571
-0.117053
-0.114473
-0.111831
-0.10913
-0.10637
-0.103553
-0.100681
-0.0977531
-0.0947723
-0.0917396
-0.0886562
-0.0855236
-0.0823431
-0.079116
-0.0758437
-0.0725276
-0.069169
-0.0657693
-0.0623299
-0.0588522
-0.0553376
-0.0517874
-0.0482031
-0.0445861
-0.0409378
-0.0372595
-0.0335528
-0.0298191
-0.0260597
-0.0222761
-0.0184697
-0.014642
-0.0107944
-0.0069284
-0.00304534
0.000853273
0.004766
0.0086914
0.012628
0.0165744
0.020529
0.0244905
0.0284574
0.0324282
0.0364015
0.0403758
0.0443496
0.0483215
0.05229
0.0562537
0.0602111
0.0641607
0.068101
0.0720307
0.0759482
0.0798521
0.083741
0.0876133
0.0914676
0.0953025
0.0991166
0.102908
0.106676
0.110419
0.114135
0.117823
0.121481
0.125109
0.128704
0.132265
0.135791
0.13928
0.142731
0.146143
0.149514
0.152842
0.156127
0.159367
0.16256
0.165705
0.168802
0.171847
0.174841
0.177781
0.180667
0.183496
0.186269
0.188982
0.191636
0.194228
0.196757
0.199223
0.201623
0.203957
0.206223
0.20842
0.210547
0.212601
0.214583
0.216491
0.218324
0.22008
0.221758
0.223358
0.224877
0.226314
0.22767
0.228941
0.230128
0.231228
0.232242
0.233167
0.234003
0.234749
0.235403
0.235964
0.236431
0.236804
0.237081
0.237261
0.237344
0.237327
0.237211
0.236993
0.236674
0.236252
0.235727
0.235096
0.234361
0.233518
0.232569
0.231511
0.230343
0.229066
0.227678
0.226179
0.224567
0.222842
0.221002
0.219048
0.216979
0.214793
0.21249
0.210069
0.20753
0.204872
0.202094
0.199196
0.196177
0.193036
0.189773
0.186387
0.182878
0.179244
0.175487
0.171604
0.167596
0.163462
0.159202
0.154815
0.1503
0.145658
0.140887
0.135989
0.130961
0.125804
0.120518
0.115102
0.109555
0.103878
0.0980711
0.0921329
0.0860636
0.079863
0.0735309
0.0670671
0.0604716
0.0537441
0.0468846
0.039893
0.0327692
0.0255132
0.0181249
0.0106043
0.0029514
-0.00483374
-0.0127511
-0.0208006
-0.0289822
-0.0372957
-0.0457411
-0.0543182
-0.0630268
-0.0718668
-0.080838
-0.0899402
-0.099173
-0.108536
-0.11803
-0.127653
-0.137406
-0.147288
-0.157299
-0.167439
-0.177706
-0.188102
-0.198624
-0.209274
-0.220049
-0.230951
-0.241977
-0.253129
-0.264405
-0.275804
-0.287326
-0.298971
-0.310738
-0.322625
-0.334633
-0.346761
-0.359008
-0.371373
-0.383855
-0.396455
-0.40917
-0.422
-0.434945
-0.448003
-0.461174
-0.474456
-0.487849
-0.501351
-0.514963
-0.528682
-0.542508
-0.55644
-0.570477
-0.584618
-0.598861
-0.613205
-0.62765
-0.642195
-0.656837
-0.671576
-0.686411
-0.701341
-0.716364
-0.731479
-0.746684
-0.76198
-0.777363
-0.792833
-0.808388
-0.824028
-0.83975
-0.855553
-0.871437
-0.887399
-0.903437
-0.919551
-0.935739
-0.952
-0.968331
-0.984732
-1.0012
-1.01773
-1.03433
-1.051
-1.06772
-1.0845
-1.10134
-1.11824
-1.13519
-1.15219
-1.16925
-1.18635
-1.20351
-1.2207
-1.23794
-1.25523
-1.27255
-1.28991
-1.30731
-1.32474
-1.34221
-1.3597
-1.37722
-1.39477
-1.41235
-1.42995
-1.44757
-1.4652
-1.48286
-1.50052
-1.5182
-1.5359
-1.55359
-1.5713
-1.58901
-1.60672
-1.62443
-1.64214
-1.65984
-1.67754
-1.69522
-1.7129
-1.73056
-1.74821
-1.76583
-1.78344
-1.80103
-1.81859
-1.83612
-1.85362
-1.87109
-1.88853
-1.90593
-1.92329
-1.94061
-1.95788
-1.97511
-1.99229
-2.00942
-2.02649
-2.04351
-2.06047
-2.07737
-2.09421
-2.11098
-2.12768
-2.14431
-2.16087
-2.17735
-2.19375
-2.21007
-2.22631
-2.24246
-2.25852
-2.27449
-2.29037
-2.30615
-2.32183
-2.33741
-2.35289
-2.36826
-2.38352
-2.39866
-2.4137
-2.42861
-2.44341
-2.45808
-2.47262
-2.48704
-2.50133
-2.51548
-2.5295
-2.54338
-2.55712
-2.57072
-2.58416
-2.59746
-2.61061
-2.6236
-2.63643
-2.64911
-2.66162
-2.67396
-2.68614
-2.69815
-2.70998
-2.72164
-2.73312
-2.74441
-2.75552
-2.76645
-2.77718
-2.78773
-2.79807
-2.80822
-2.81817
-2.82792
-2.83746
-2.84679
-2.85591
-2.86481
-2.8735
-2.88197
-2.89022
-2.89824
-2.90604
-2.91361
-2.92094
-2.92804
-2.9349
-2.94152
-2.9479
-2.95403
-2.95991
-2.96555
-2.97092
-2.97605
-2.98091
-2.98551
-2.98985
-2.99392
-2.99773
-3.00126
-3.00451
-3.0075
-3.0102
-3.01262
-3.01475
-3.0166
-3.01816
-3.01943
-3.0204
-3.02108
-3.02145
-3.02153
-3.0213
-3.02077
-3.01993
-3.01877
-3.0173
-3.01552
-3.01342
-3.011
-3.00825
-3.00518
-3.00178
-2.99805
-2.99399
-2.9896
-2.98487
-2.9798
-2.97439
-2.96863
-2.96253
-2.95608
-2.94929
-2.94214
-2.93463
-2.92678
-2.91856
-2.90998
-2.90104
-2.89173
-2.88206
-2.87202
-2.86161
-2.85083
-2.83967
-2.82814
-2.81623
-2.80394
-2.79127
-2.77821
-2.76477
-2.75094
-2.73672
-2.72211
-2.7071
-2.69171
-2.67591
-2.65972
-2.64313
-2.62614
-2.60874
-2.59094
-2.57274
-2.55412
-2.5351
-2.51567
-2.49582
-2.47557
-2.45489
-2.4338
-2.41229
-2.39037
-2.36802
-2.34525
-2.32206
-2.29844
-2.2744
-2.24993
-2.22503
-2.1997
-2.17395
-2.14776
-2.12114
-2.09408
-2.06659
-2.03867
-2.0103
-1.9815
-1.95226
-1.92258
-1.89247
-1.86191
-1.8309
-1.79946
-1.76757
-1.73523
-1.70245
-1.66923
-1.63556
-1.60144
-1.56687
-1.53186
-1.49639
-1.46048
-1.42411
-1.3873
-1.35003
-1.31232
-1.27415
-1.23553
-1.19646
-1.15693
-1.11696
-1.07652
-1.03564
-0.994303
-0.952511
-0.910267
-0.867568
-0.824415
-0.780809
-0.736749
-0.692235
-0.647268
-0.601847
-0.555973
-0.509645
-0.462864
-0.415631
-0.367945
-0.319807
-0.271217
-0.222175
-0.172682
-0.122739
-0.0723454
-0.0215021
0.0297905
0.0815318
0.133721
0.186358
0.239441
0.292971
0.346946
0.401366
0.45623
0.511536
0.567285
0.623475
0.680106
0.737176
0.794684
0.85263
0.911012
0.96983
1.02908
1.08877
1.14888
1.20943
1.27041
1.33181
1.39365
1.4559
1.51859
1.58169
1.64522
1.70916
1.77353
1.83831
1.9035
1.96911
2.03513
2.10157
2.16841
2.23565
2.30331
2.37136
2.43982
2.50868
2.57793
2.64758
2.71763
2.78806
2.85889
2.9301
3.0017
3.07369
3.14605
3.2188
3.29192
3.36541
3.43928
3.51352
3.58813
3.6631
3.73843
3.81413
3.89018
3.96659
4.04335
4.12046
4.19792
4.27573
4.35388
4.43236
4.51119
4.59035
4.66984
4.74966
4.82981
4.91028
4.99107
5.07217
5.15359
5.23533
5.31737
5.39971
5.48236
5.56531
5.64855
5.73209
5.81592
5.90003
5.98442
6.0691
6.15405
6.23928
6.32477
6.41053
6.49656
6.58284
6.66938
6.75618
6.84322
6.93051
7.01804
7.10581
7.19381
7.28204
7.3705
7.45919
7.5481
7.63722
7.72655
7.81609
7.90584
7.99579
8.08593
8.17627
8.2668
8.35751
8.44841
8.53948
8.63073
8.72214
8.81372
8.90546
8.99736
9.08941
9.18161
9.27395
9.36643
9.45905
9.55181
9.64469
9.73769
9.83081
9.92405
10.0174
10.1108
10.2044
10.2981
10.3918
10.4856
10.5795
10.6735
10.7676
10.8618
10.956
11.0502
11.1446
11.2389
11.3334
11.4278
11.5223
11.6169
11.7115
11.806
11.9007
11.9953
12.0899
12.1846
12.2792
12.3739
12.4685
12.5631
12.6577
12.7523
12.8469
12.9414
13.0359
13.1303
13.2247
13.319
13.4133
13.5075
13.6017
13.6958
13.7898
13.8837
13.9776
14.0713
14.165
14.2585
14.352
14.4453
14.5385
14.6316
14.7246
14.8175
14.9102
15.0027
15.0951
15.1874
15.2795
15.3715
15.4633
15.5549
15.6463
15.7376
15.8287
15.9195
16.0102
16.1007
16.191
16.2811
16.3709
16.4605
16.5499
16.6391
16.7281
16.8168
16.9052
16.9934
17.0813
17.169
17.2564
17.3436
17.4304
17.517
17.6033
17.6893
17.775
17.8604
17.9456
18.0303
18.1148
18.199
18.2828
18.3663
18.4494
18.5323
18.6147
18.6969
18.7786
18.86
18.9411
19.0217
19.102
19.1819
19.2615
19.3406
19.4193
19.4977
19.5756
19.6532
19.7303
19.807
19.8832
19.9591
20.0345
20.1095
20.184
20.2581
20.3317
20.4049
20.4776
20.5499
20.6216
20.6929
20.7638
20.8341
20.904
20.9733
21.0422
21.1105
21.1784
21.2457
21.3126
21.3789
21.4447
21.5099
21.5746
21.6388
21.7025
21.7656
21.8281
21.8901
21.9515
22.0124
22.0727
22.1324
22.1916
22.2502
22.3082
22.3656
22.4224
22.4786
22.5343
22.5893
22.6437
22.6975
22.7507
22.8032
22.8552
22.9065
22.9572
23.0073
23.0567
23.1054
23.1536
23.2011
23.2479
23.2941
23.3396
23.3844
23.4286
23.4721
23.515
23.5572
23.5986
23.6394
23.6796
23.719
23.7577
23.7958
23.8331
23.8697
23.9057
23.9409
23.9754
24.0092
24.0423
24.0747
24.1063
24.1372
24.1674
24.1968
24.2255
24.2535
24.2808
24.3073
24.333
24.358
24.3823
24.4058
24.4285
24.4505
24.4717
24.4922
24.5119
24.5308
24.549
24.5663
24.583
24.5988
24.6139
24.6281
24.6416
24.6544
24.6663
24.6774
24.6878
24.6973
24.7061
24.7141
24.7213
24.7276
24.7332
24.738
24.742
24.7451
24.7475
24.749
24.7498
24.7497
24.7488
24.7471
24.7446
24.7413
24.7372
24.7322
24.7265
24.7199
24.7125
24.7042
24.6952
24.6853
24.6746
24.6631
24.6507
24.6375
24.6235
24.6087
24.593
24.5766
24.5592
24.5411
24.5221
24.5023
24.4817
24.4602
24.4379
24.4148
24.3908
24.3661
24.3404
24.314
24.2867
24.2586
24.2297
24.1999
24.1693
24.1379
24.1056
24.0725
24.0386
24.0039
23.9683
23.9319
23.8947
23.8567
23.8178
23.7781
23.7376
23.6962
23.6541
23.6111
23.5673
23.5226
23.4772
23.431
23.3839
23.336
23.2873
23.2378
23.1875
23.1363
23.0844
23.0316
22.9781
22.9237
22.8686
22.8126
22.7559
22.6983
22.64
22.5808
22.5209
22.4602
22.3987
22.3364
22.2733
22.2094
22.1448
22.0794
22.0132
21.9462
21.8784
21.8099
21.7407
21.6706
21.5998
21.5283
21.4559
21.3829
21.3091
21.2345
21.1592
21.0831
21.0063
20.9288
20.8505
20.7715
20.6917
20.6113
20.5301
20.4482
20.3655
20.2822
20.1982
20.1134
20.0279
19.9418
19.8549
19.7673
19.6791
19.5901
19.5005
19.4102
19.3192
19.2275
19.1352
19.0422
18.9485
18.8542
18.7592
18.6636
18.5673
18.4704
18.3728
18.2746
18.1758
18.0763
17.9762
17.8755
17.7742
17.6722
17.5697
17.4665
17.3628
17.2584
17.1535
17.0479
16.9418
16.8351
16.7279
16.62
16.5116
16.4026
16.2931
16.183
16.0724
15.9612
15.8495
15.7373
15.6245
15.5112
15.3974
15.2831
15.1682
15.0529
14.9371
14.8207
14.7039
14.5866
14.4688
14.3505
14.2318
14.1126
13.9929
13.8728
13.7522
13.6312
13.5097
13.3878
13.2655
13.1427
13.0196
12.896
12.772
12.6476
12.5228
12.3976
12.2721
12.1461
12.0198
11.8931
11.766
11.6386
11.5108
11.3827
11.2542
11.1254
10.9962
10.8667
10.737
10.6068
10.4764
10.3457
10.2147
10.0834
9.95176
9.81987
9.68771
9.55528
9.42258
9.28963
9.15642
9.02297
8.88927
8.75534
8.62117
8.48679
8.35218
8.21737
8.08234
7.94712
7.8117
7.6761
7.5403
7.40434
7.2682
7.1319
6.99543
6.85882
6.72205
6.58515
6.44811
6.31093
6.17364
6.03623
5.8987
5.76108
5.62335
5.48552
5.34761
5.20962
5.07155
4.93341
4.79521
4.65695
4.51864
4.38028
4.24188
4.10345
3.96499
3.82651
3.68801
3.5495
3.41099
3.27248
3.13398
2.99549
2.85702
2.71858
2.58017
2.4418
2.30347
2.16519
2.02697
1.88881
1.75071
1.61269
1.47475
1.33689
1.19913
1.06146
0.923895
0.786438
0.649097
0.511876
0.374781
0.237818
0.100994
-0.0356866
-0.172217
-0.308593
-0.444807
-0.580854
-0.716728
-0.852424
-0.987935
-1.12326
-1.25838
-1.39331
-1.52802
-1.66253
-1.79681
-1.93088
-2.06471
-2.1983
-2.33166
-2.46477
-2.59763
-2.73023
-2.86257
-2.99463
-3.12643
-3.25794
-3.38917
-3.52011
-3.65076
-3.7811
-3.91114
-4.04086
-4.17027
-4.29935
-4.42811
-4.55653
-4.68462
-4.81236
-4.93976
-5.06679
-5.19348
-5.31979
-5.44574
-5.57131
-5.69651
-5.82131
-5.94573
-6.06976
-6.19338
-6.31661
-6.43942
-6.56182
-6.6838
-6.80535
-6.92648
-7.04717
-7.16743
-7.28724
-7.40661
-7.52552
-7.64397
-7.76197
-7.8795
-7.99656
-8.11314
-8.22924
-8.34486
-8.46
-8.57463
-8.68878
-8.80242
-8.91555
-9.02817
-9.14028
-9.25188
-9.36294
-9.47349
-9.5835
-9.69297
-9.80191
-9.9103
-10.0182
-10.1254
-10.2322
-10.3384
-10.444
-10.549
-10.6535
-10.7574
-10.8608
-10.9635
-11.0657
-11.1673
-11.2682
-11.3686
-11.4684
-11.5676
-11.6662
-11.7641
-11.8615
-11.9582
-12.0544
-12.1499
-12.2447
-12.339
-12.4326
-12.5256
-12.6179
-12.7096
-12.8007
-12.8911
-12.9808
-13.0699
-13.1584
-13.2462
-13.3333
-13.4198
-13.5056
-13.5907
-13.6751
-13.7589
-13.842
-13.9245
-14.0062
-14.0873
-14.1676
-14.2473
-14.3263
-14.4046
-14.4822
-14.5591
-14.6353
-14.7108
-14.7856
-14.8597
-14.9331
-15.0058
-15.0777
-15.149
-15.2195
-15.2894
-15.3585
-15.4268
-15.4945
-15.5614
-15.6276
-15.6931
-15.7579
-15.8219
-15.8852
-15.9478
-16.0096
-16.0707
-16.1311
-16.1907
-16.2496
-16.3077
-16.3651
-16.4218
-16.4777
-16.5329
-16.5873
-16.641
-16.694
-16.7462
-16.7976
-16.8483
-16.8983
-16.9475
-16.996
-17.0437
-17.0906
-17.1369
-17.1823
-17.227
-17.271
-17.3142
-17.3566
-17.3983
-17.4393
-17.4795
-17.5189
-17.5576
-17.5956
-17.6328
-17.6692
-17.7049
-17.7398
-17.774
-17.8074
-17.8401
-17.872
-17.9032
-17.9336
-17.9633
-17.9923
-18.0204
-18.0479
-18.0746
-18.1005
-18.1257
-18.1502
-18.1739
-18.1969
-18.2191
-18.2406
-18.2613
-18.2813
-18.3006
-18.3191
-18.3369
-18.354
-18.3703
-18.3859
-18.4008
-18.4149
-18.4283
-18.441
-18.453
-18.4642
-18.4747
-18.4845
-18.4936
-18.5019
-18.5095
-18.5165
-18.5227
-18.5282
-18.533
-18.537
-18.5404
-18.5431
-18.5451
-18.5463
-18.5469
-18.5468
-18.546
-18.5445
-18.5423
-18.5394
-18.5358
-18.5316
-18.5267
-18.5211
-18.5148
-18.5078
-18.5002
-18.4919
-18.4829
-18.4733
-18.463
-18.4521
-18.4405
-18.4282
-18.4153
-18.4018
-18.3876
-18.3727
-18.3573
-18.3411
-18.3244
-18.307
-18.289
-18.2704
-18.2511
-18.2312
-18.2108
-18.1897
-18.1679
-18.1456
-18.1227
-18.0992
-18.075
-18.0503
-18.025
-17.9991
-17.9726
-17.9456
-17.9179
-17.8897
-17.8609
-17.8316
-17.8016
-17.7712
-17.7401
-17.7085
-17.6764
-17.6437
-17.6104
-17.5767
-17.5423
-17.5075
-17.4721
-17.4362
-17.3998
-17.3629
-17.3254
-17.2874
-17.249
-17.21
-17.1705
-17.1305
-17.0901
-17.0491
-17.0077
-16.9658
-16.9234
-16.8805
-16.8372
-16.7934
-16.7491
-16.7044
-16.6592
-16.6136
-16.5675
-16.521
-16.4741
-16.4267
-16.3789
-16.3307
-16.2821
-16.233
-16.1835
-16.1337
-16.0834
-16.0327
-15.9816
-15.9301
-15.8783
-15.8261
-15.7734
-15.7204
-15.6671
-15.6134
-15.5593
-15.5048
-15.45
-15.3949
-15.3394
-15.2836
-15.2274
-15.1709
-15.1141
-15.0569
-14.9995
-14.9417
-14.8836
-14.8252
-14.7665
-14.7075
-14.6482
-14.5887
-14.5288
-14.4687
-14.4083
-14.3476
-14.2866
-14.2254
-14.164
-14.1023
-14.0403
-13.9781
-13.9156
-13.853
-13.79
-13.7269
-13.6635
-13.5999
-13.5362
-13.4721
-13.4079
-13.3435
-13.2789
-13.2141
-13.1491
-13.084
-13.0186
-12.9531
-12.8874
-12.8216
-12.7556
-12.6894
-12.6231
-12.5566
-12.49
-12.4232
-12.3563
-12.2893
-12.2221
-12.1549
-12.0875
-12.02
-11.9524
-11.8847
-11.8168
-11.7489
-11.6809
-11.6128
-11.5446
-11.4764
-11.4081
-11.3396
-11.2712
-11.2026
-11.134
-11.0654
-10.9967
-10.9279
-10.8592
-10.7903
-10.7215
-10.6526
-10.5837
-10.5147
-10.4458
-10.3768
-10.3078
-10.2388
-10.1698
-10.1008
-10.0319
-9.96288
-9.89392
-9.82498
-9.75606
-9.68716
-9.61829
-9.54946
-9.48066
-9.4119
-9.34319
-9.27453
-9.20591
-9.13735
-9.06885
-9.00042
-8.93205
-8.86375
-8.79552
-8.72737
-8.65931
-8.59132
-8.52343
-8.45562
-8.38791
-8.3203
-8.2528
-8.18539
-8.1181
-8.05092
-7.98385
-7.91691
-7.85008
-7.78338
-7.71681
-7.65037
-7.58407
-7.51791
-7.45189
-7.38601
-7.32028
-7.25471
-7.18928
-7.12402
-7.05892
-6.99398
-6.9292
-6.8646
-6.80017
-6.73591
-6.67184
-6.60794
-6.54423
-6.48071
-6.41737
-6.35423
-6.29129
-6.22854
-6.16599
-6.10365
-6.04151
-5.97959
-5.91787
-5.85637
-5.79509
-5.73402
-5.67318
-5.61256
-5.55217
-5.49201
-5.43208
-5.37238
-5.31292
-5.2537
-5.19472
-5.13598
-5.07749
-5.01924
-4.96125
-4.90351
-4.84602
-4.78879
-4.73181
-4.6751
-4.61865
-4.56246
-4.50654
-4.45089
-4.39551
-4.3404
-4.28557
-4.23101
-4.17673
-4.12273
-4.069
-4.01557
-3.96241
-3.90954
-3.85697
-3.80468
-3.75268
-3.70097
-3.64956
-3.59844
-3.54762
-3.4971
-3.44687
-3.39695
-3.34733
-3.29802
-3.24901
-3.20031
-3.15191
-3.10382
-3.05604
-3.00858
-2.96142
-2.91458
-2.86806
-2.82184
-2.77595
-2.73037
-2.68511
-2.64017
-2.59555
-2.55125
-2.50727
-2.46361
-2.42028
-2.37727
-2.33459
-2.29223
-2.25019
-2.20849
-2.16711
-2.12606
-2.08533
-2.04494
-2.00487
-1.96514
-1.92573
-1.88666
-1.84791
-1.8095
-1.77142
-1.73367
-1.69625
-1.65917
-1.62241
-1.58599
-1.54991
-1.51415
-1.47873
-1.44365
-1.40889
-1.37447
-1.34038
-1.30663
-1.27321
-1.24012
-1.20736
-1.17494
-1.14285
-1.11109
-1.07967
-1.04857
-1.01781
-0.987379
-0.957279
-0.92751
-0.898072
-0.868963
-0.840184
-0.811734
-0.783612
-0.755819
-0.728353
-0.701215
-0.674402
-0.647916
-0.621755
-0.595918
-0.570406
-0.545216
-0.52035
-0.495805
-0.471581
-0.447677
-0.424093
-0.400828
-0.37788
-0.355249
-0.332935
-0.310935
-0.28925
-0.267878
-0.246818
-0.226069
-0.205631
-0.185501
-0.16568
-0.146166
-0.126958
-0.108055
-0.0894556
-0.0711585
-0.0531628
-0.0354671
-0.0180704
-0.000971341
0.0158313
0.0323389
0.0485527
0.0644739
0.0801041
0.0954444
0.110496
0.125261
0.13974
0.153935
0.167848
0.181479
0.19483
0.207903
0.220699
0.233219
0.245466
0.257441
0.269145
0.28058
0.291748
0.30265
0.313288
0.323663
0.333777
0.343633
0.35323
0.362572
0.37166
0.380496
0.389081
0.397417
0.405506
0.41335
0.42095
0.428309
0.435428
0.442309
0.448954
0.455365
0.461543
0.467491
0.47321
0.478702
0.48397
0.489014
0.493838
0.498442
0.50283
0.507002
0.510961
0.514709
0.518248
0.52158
0.524707
0.52763
0.530352
0.532875
0.535201
0.537332
0.53927
0.541017
0.542575
0.543946
0.545133
0.546137
0.54696
0.547605
0.548074
0.548368
0.54849
0.548442
0.548226
0.547844
0.547298
0.546591
0.545725
0.544701
0.543522
0.54219
0.540707
0.539075
0.537297
0.535374
0.533309
0.531104
0.528761
0.526282
0.523669
0.520925
0.518051
0.51505
0.511925
0.508676
0.505306
0.501818
0.498214
0.494495
0.490664
0.486723
0.482675
0.47852
0.474263
0.469903
0.465445
0.460889
0.456239
0.451496
0.446662
0.441739
0.43673
0.431637
0.426462
0.421206
0.415873
0.410464
0.40498
0.399426
0.393801
0.38811
0.382352
0.376532
0.37065
0.364709
0.35871
0.352657
0.346551
0.340393
0.334186
0.327933
0.321634
0.315293
0.30891
0.302489
0.296031
0.289537
0.283011
0.276453
0.269866
0.263252
0.256613
0.24995
0.243266
0.236562
0.229841
0.223104
0.216353
0.20959
0.202816
0.196035
0.189247
0.182454
0.175658
0.168861
0.162065
0.155271
0.148482
0.141699
0.134923
0.128157
0.121402
0.114659
0.107932
0.10122
0.0945269
0.087853
0.0812003
0.0745705
0.0679651
0.0613857
0.054834
0.0483115
0.0418198
0.0353604
0.0289349
0.0225447
0.0161914
0.00987652
0.00360145
-0.00263231
-0.00882332
-0.0149701
-0.0210714
-0.0271256
-0.0331314
-0.0390875
-0.0449924
-0.0508449
-0.0566436
-0.0623871
-0.0680743
-0.0737038
-0.0792744
-0.0847848
-0.0902337
-0.0956201
-0.100943
-0.1062
-0.111391
-0.116515
-0.121571
-0.126557
-0.131472
-0.136315
-0.141086
-0.145783
-0.150404
-0.15495
-0.159419
-0.16381
-0.168122
-0.172354
-0.176506
-0.180575
-0.184562
-0.188466
-0.192286
-0.19602
-0.199668
-0.203229
-0.206703
-0.210088
-0.213384
-0.216591
-0.219707
-0.222731
-0.225663
-0.228503
-0.23125
-0.233902
-0.23646
-0.238923
-0.24129
-0.243561
-0.245735
-0.247811
-0.24979
-0.25167
-0.253452
-0.255134
-0.256716
-0.258199
-0.259581
-0.260861
-0.262041
-0.263119
-0.264095
-0.264969
-0.26574
-0.266408
-0.266973
-0.267435
-0.267794
-0.268048
-0.268199
-0.268245
-0.268188
-0.268026
-0.267759
-0.267388
-0.266912
-0.266332
-0.265646
-0.264856
-0.263961
-0.262962
-0.261857
-0.260648
-0.259334
-0.257916
-0.256393
-0.254766
-0.253034
-0.251199
-0.249259
-0.247216
-0.245069
-0.242819
-0.240466
-0.23801
-0.235451
-0.23279
-0.230027
-0.227163
-0.224197
-0.22113
-0.217963
-0.214695
-0.211327
-0.207861
-0.204295
-0.20063
-0.196867
-0.193007
-0.18905
-0.184996
-0.180846
-0.1766
-0.17226
-0.167824
-0.163296
-0.158674
-0.153959
-0.149152
-0.144254
-0.139265
